# Tabulated potential for water-free Farago 3-bead lipid model

HEAD_HEAD
N 251 R 0.000001 2.500000

1 0.000001 0.000000 0.000000
2 0.010001 2350998532124509003055104.000000 2820920602091430777590906880.000000
3 0.020001 574318713030831898624.000000 344574543320630276653056.000000
4 0.030001 4427358741657957888.000000 1770887264355350740992.000000
5 0.040001 140256598320601664.000000 42075994098390745088.000000
6 0.050001 9638938288567594.000000 2313302586941648896.000000
7 0.060001 1081114298097409.250000 216219600294132768.000000
8 0.070001 170028814322555.468750 29147427351099904.000000
9 0.080001 34247465224426.718750 5137064063676355.000000
10 0.090001 8333075873116.630859 1111066359321438.875000
11 0.100001 2353537513754.903320 282422203185628.437500
12 0.110001 749917436693.733276 81808601308121.671875
13 0.120001 263969877821.667297 26396831745522.949219
14 0.130001 101021075005.929199 9324978009092.070312
15 0.140001 41514325495.473656 3558358522062.251953
16 0.150001 18140148612.243397 1451209171853.115234
17 0.160001 8361746717.587396 627131044396.852905
18 0.170001 4039706891.931821 285156496291.572937
19 0.180001 2034539532.025418 135636731581.200058
20 0.190001 1063386912.874794 67161923114.185585
21 0.200001 574608160.645892 34476994493.911568
22 0.210001 319960307.422888 18283830552.523026
23 0.220001 183083763.170901 9986677047.757355
24 0.230001 107394119.492595 5603390065.750456
25 0.240001 64442149.592816 3222272948.471743
26 0.250001 39483230.604260 1895321085.978244
27 0.260001 24660253.067599 1138262193.913519
28 0.270001 15678121.617677 696880129.721725
29 0.280001 10133053.807571 434331946.099160
30 0.290001 6650184.592720 275225746.935157
31 0.300001 4427130.412994 177121352.367843
32 0.310001 2986749.067654 115644873.412425
33 0.320001 2040300.679710 76534354.116658
34 0.330001 1410177.329173 51297802.280104
35 0.340001 985444.855253 34795533.080291
36 0.350001 695810.929711 23868730.782080
37 0.360001 496129.589159 16547802.315761
38 0.370001 357033.856354 11587857.319327
39 0.380001 259189.877067 8191898.905781
40 0.390001 189723.710686 5843452.654343
41 0.400001 139970.205778 4203964.738505
42 0.410001 104037.257110 3049080.461478
43 0.420001 77879.376856 2228578.181589
44 0.430001 58693.260746 1640880.115242
45 0.440001 44519.268867 1216655.055026
46 0.450001 33976.030443 908157.557768
47 0.460001 26082.010682 682226.391918
48 0.470001 20134.449284 515641.715162
49 0.480001 15626.507716 392017.903927
50 0.490001 12190.093452 299705.736776
51 0.500001 9556.088997 230364.076503
52 0.510001 7526.476301 177979.515775
53 0.520001 5954.655653 138188.271107
54 0.530001 4731.452597 107803.649296
55 0.540001 3775.101880 84484.412247
56 0.550001 3024.031660 66500.429041
57 0.560001 2431.632679 52565.981593
58 0.570001 1962.443638 41720.439262
59 0.580001 1589.353270 33242.318763
60 0.590001 1291.536710 26587.023430
61 0.600001 1052.925294 21341.480684
62 0.610001 861.066002 17190.909819
63 0.620001 706.267090 13894.347239
64 0.630001 580.955008 11266.528984
65 0.640001 479.188077 9164.412807
66 0.650001 396.287069 7477.103647
67 0.660001 328.553349 6118.288160
68 0.670001 273.052925 5020.527921
69 0.680001 227.450303 4130.935924
70 0.690001 189.880163 3407.887271
71 0.700001 158.847864 2818.506439
72 0.710001 133.152002 2336.740166
73 0.720001 111.823934 1941.873777
74 0.730001 94.080365 1617.384652
75 0.740001 79.286059 1350.053006
76 0.750001 66.924418 1129.269795
77 0.760001 56.574185 946.496209
78 0.770001 47.890946 794.840139
79 0.780001 40.592395 668.723232
80 0.790001 34.446558 563.618319
81 0.800001 29.262362 475.841726
82 0.810001 24.882056 402.388486
83 0.820001 21.175102 340.801222
84 0.830001 18.033245 289.065518
85 0.840001 15.366513 245.526199
86 0.850001 13.099978 208.820162
87 0.860001 11.171112 177.822342
88 0.870001 9.527630 151.602133
89 0.880001 8.125735 129.388155
90 0.890001 6.928666 110.539698
91 0.900001 5.905514 94.523523
92 0.910001 5.030248 80.894973
93 0.920001 4.280904 69.282551
94 0.930001 3.638922 59.375313
95 0.940001 3.088590 50.912528
96 0.950001 2.616592 43.675188
97 0.960001 2.211621 37.479016
98 0.970001 1.864064 32.168701
99 0.980001 1.565735 27.613134
100 0.990001 1.309658 23.701463
101 1.000001 1.089875 20.339819
102 1.010001 0.901296 17.448596
103 1.020001 0.739562 14.960185
104 1.030001 0.600943 12.817086
105 1.040001 0.482234 10.970332
106 1.050001 0.380689 9.378162
107 1.060001 0.293942 8.004920
108 1.070001 0.219963 6.820121
109 1.080001 0.157000 5.797671
110 1.090001 0.103544 4.915208
111 1.100001 0.058293 4.153546
112 1.110001 0.020126 3.496207
113 1.120001 -0.011931 2.929022
114 1.130001 -0.038714 2.439797
115 1.140001 -0.060951 2.018027
116 1.150001 -0.079269 1.654650
117 1.160001 -0.094212 1.341848
118 1.170001 -0.106252 1.072864
119 1.180001 -0.115796 0.841859
120 1.190001 -0.123199 0.643778
121 1.200001 -0.128767 0.474245
122 1.210001 -0.132766 0.329467
123 1.220001 -0.135427 0.206157
124 1.230001 -0.136951 0.101461
125 1.240001 -0.137510 0.012902
126 1.250001 -0.137256 -0.061671
127 1.260001 -0.136317 -0.124129
128 1.270001 -0.134808 -0.176097
129 1.280001 -0.132825 -0.218989
130 1.290001 -0.130454 -0.254036
131 1.300001 -0.127767 -0.282307
132 1.310001 -0.124827 -0.304734
133 1.320001 -0.121689 -0.322129
134 1.330001 -0.118399 -0.335199
135 1.340001 -0.114998 -0.344558
136 1.350001 -0.111519 -0.350741
137 1.360001 -0.107992 -0.354215
138 1.370001 -0.104442 -0.355385
139 1.380001 -0.100890 -0.354604
140 1.390001 -0.097355 -0.352178
141 1.400001 -0.093851 -0.348375
142 1.410001 -0.090392 -0.343426
143 1.420001 -0.086986 -0.337531
144 1.430001 -0.083644 -0.330864
145 1.440001 -0.080371 -0.323578
146 1.450001 -0.077174 -0.315800
147 1.460001 -0.074056 -0.307645
148 1.470001 -0.071022 -0.299210
149 1.480001 -0.068073 -0.290576
150 1.490001 -0.065210 -0.281816
151 1.500001 -0.062436 -0.272991
152 1.510001 -0.059751 -0.264153
153 1.520001 -0.057153 -0.255345
154 1.530001 -0.054644 -0.246605
155 1.540001 -0.052221 -0.237964
156 1.550001 -0.049884 -0.229448
157 1.560001 -0.047631 -0.221078
158 1.570001 -0.045462 -0.212872
159 1.580001 -0.043373 -0.204844
160 1.590001 -0.041364 -0.197004
161 1.600001 -0.039433 -0.189362
162 1.610001 -0.037576 -0.181924
163 1.620001 -0.035793 -0.174693
164 1.630001 -0.034082 -0.167674
165 1.640001 -0.032439 -0.160866
166 1.650001 -0.030864 -0.154270
167 1.660001 -0.029353 -0.147886
168 1.670001 -0.027905 -0.141712
169 1.680001 -0.026518 -0.135745
170 1.690001 -0.025190 -0.129982
171 1.700001 -0.023918 -0.124420
172 1.710001 -0.022701 -0.119055
173 1.720001 -0.021536 -0.113882
174 1.730001 -0.020422 -0.108897
175 1.740001 -0.019358 -0.104096
176 1.750001 -0.018340 -0.099474
177 1.760001 -0.017368 -0.095025
178 1.770001 -0.016439 -0.090745
179 1.780001 -0.015552 -0.086629
180 1.790001 -0.014706 -0.082671
181 1.800001 -0.013898 -0.078868
182 1.810001 -0.013128 -0.075213
183 1.820001 -0.012393 -0.071702
184 1.830001 -0.011693 -0.068331
185 1.840001 -0.011026 -0.065094
186 1.850001 -0.010391 -0.061987
187 1.860001 -0.009786 -0.059005
188 1.870001 -0.009211 -0.056144
189 1.880001 -0.008663 -0.053400
190 1.890001 -0.008142 -0.050768
191 1.900001 -0.007647 -0.048245
192 1.910001 -0.007177 -0.045826
193 1.920001 -0.006730 -0.043508
194 1.930001 -0.006306 -0.041287
195 1.940001 -0.005904 -0.039159
196 1.950001 -0.005523 -0.037122
197 1.960001 -0.005162 -0.035170
198 1.970001 -0.004819 -0.033303
199 1.980001 -0.004495 -0.031515
200 1.990001 -0.004189 -0.029805
201 2.000001 -0.003899 -0.028168
202 2.010001 -0.003625 -0.026604
203 2.020001 -0.003367 -0.025108
204 2.030001 -0.003123 -0.023679
205 2.040001 -0.002893 -0.022313
206 2.050001 -0.002676 -0.021008
207 2.060001 -0.002472 -0.019763
208 2.070001 -0.002281 -0.018574
209 2.080001 -0.002101 -0.017440
210 2.090001 -0.001932 -0.016358
211 2.100001 -0.001773 -0.015327
212 2.110001 -0.001625 -0.014345
213 2.120001 -0.001486 -0.013410
214 2.130001 -0.001357 -0.012519
215 2.140001 -0.001236 -0.011672
216 2.150001 -0.001123 -0.010867
217 2.160001 -0.001018 -0.010102
218 2.170001 -0.000921 -0.009375
219 2.180001 -0.000831 -0.008686
220 2.190001 -0.000747 -0.008033
221 2.200001 -0.000670 -0.007414
222 2.210001 -0.000599 -0.006828
223 2.220001 -0.000533 -0.006275
224 2.230001 -0.000473 -0.005752
225 2.240001 -0.000418 -0.005259
226 2.250001 -0.000368 -0.004794
227 2.260001 -0.000322 -0.004357
228 2.270001 -0.000281 -0.003946
229 2.280001 -0.000243 -0.003561
230 2.290001 -0.000209 -0.003201
231 2.300001 -0.000179 -0.002864
232 2.310001 -0.000152 -0.002551
233 2.320001 -0.000128 -0.002259
234 2.330001 -0.000107 -0.001988
235 2.340001 -0.000088 -0.001738
236 2.350001 -0.000072 -0.001508
237 2.360001 -0.000058 -0.001297
238 2.370001 -0.000046 -0.001104
239 2.380001 -0.000036 -0.000929
240 2.390001 -0.000027 -0.000771
241 2.400001 -0.000020 -0.000629
242 2.410001 -0.000015 -0.000503
243 2.420001 -0.000010 -0.000393
244 2.430001 -0.000007 -0.000297
245 2.440001 -0.000004 -0.000216
246 2.450001 -0.000002 -0.000148
247 2.460001 -0.000001 -0.000094
248 2.470001 -0.000001 -0.000052
249 2.480001 -0.000000 -0.000023
250 2.490001 -0.000000 -0.000006
251 2.500001 0.000000 -0.000000


TAIL1_TAIL1
N 251 R 0.000001 2.500000

1 0.000001 0.000000 0.000000
2 0.010001 5381108095632162328412160.000000 6456686983142299041664073728.000000
3 0.020001 1314535519226852540416.000000 788682236188533966503936.000000
4 0.030001 10133607332507248640.000000 4053309667468800688128.000000
5 0.040001 321027812571626304.000000 96305980074492608512.000000
6 0.050001 22062186769525432.000000 5294821367497261056.000000
7 0.060001 2474519985006257.500000 494895982455158400.000000
8 0.070001 389172259010507.562500 66714324613839976.000000
9 0.080001 78387672759153.359375 11758010436998834.000000
10 0.090001 19073247855481.390625 2543073118702816.000000
11 0.100001 5386918491764.802734 646424289996960.875000
12 0.110001 1716455980375.636719 187248250002290.937500
13 0.120001 604189945784.574219 60418585887449.015625
14 0.130001 231222963445.253296 21343542131258.589844
15 0.140001 95020377190.481888 8144572170159.391602
16 0.150001 41520186905.541847 3321608436504.798340
17 0.160001 19138814907.040993 1435411785278.350342
18 0.170001 9246285694.381479 652681326019.507202
19 0.180001 4656748746.951746 310452272823.321289
20 0.190001 2433923679.226862 153723454838.285461
21 0.200001 1315182725.927434 78912489317.350296
22 0.210001 732333150.346228 41848767572.578369
23 0.220001 419044590.780791 22857851181.300415
24 0.230001 245803563.249059 12825192225.720985
25 0.240001 147493978.820725 7375197466.095289
26 0.250001 90367603.607806 4338024777.412086
27 0.260001 56440714.120183 2605247504.684668
28 0.270001 35882508.890122 1595003571.109330
29 0.280001 23191116.666709 994080655.644653
30 0.290001 15219700.034767 629918624.830787
31 0.300001 10131741.704617 405378780.811211
32 0.310001 6835149.351837 264673352.893593
33 0.320001 4669052.204897 175159178.974072
34 0.330001 3226941.376611 117399606.010991
35 0.340001 2254912.248134 79630852.905308
36 0.350001 1592081.726963 54623007.042881
37 0.360001 1135121.789077 37868074.749342
38 0.370001 816819.221833 26516772.792704
39 0.380001 592924.411953 18744959.670252
40 0.390001 433972.964369 13370553.087802
41 0.400001 320133.338421 9618693.143740
42 0.410001 237920.741716 6975896.077699
43 0.420001 178076.746198 5098351.016203
44 0.430001 134185.885907 3753580.523425
45 0.440001 101763.549887 2782910.821505
46 0.450001 77648.566299 2077071.659674
47 0.460001 59594.822265 1560171.475593
48 0.470001 45994.193132 1179071.182775
49 0.480001 35686.921471 896272.718469
50 0.490001 27830.763367 685117.762651
51 0.500001 21809.969002 526518.771482
52 0.510001 17171.487880 406715.280231
53 0.520001 13579.928383 315721.967335
54 0.530001 10785.535036 246247.212016
55 0.540001 8601.267591 192934.123151
56 0.550001 6886.288658 151824.225286
57 0.560001 5533.993993 119975.978830
58 0.570001 4463.283712 95191.709147
59 0.580001 3612.160167 75820.940406
60 0.590001 2933.006194 60617.920691
61 0.600001 2389.083990 48637.818784
62 0.610001 1951.925639 39160.680805
63 0.620001 1599.378482 31635.427654
64 0.630001 1314.133930 25638.400345
65 0.640001 1082.614984 20842.522173
66 0.650001 894.131195 16994.248798
67 0.660001 740.233979 13896.259601
68 0.670001 614.222699 11394.401957
69 0.680001 510.764701 9367.800628
70 0.690001 425.601869 7721.333381
71 0.700001 355.323105 6379.883364
72 0.710001 297.187284 5283.931285
73 0.720001 248.984979 4386.162082
74 0.730001 208.930086 3648.842848
75 0.740001 175.574598 3041.789358
76 0.750001 147.741359 2540.783532
77 0.760001 124.470835 2126.337600
78 0.770001 104.978847 1782.725824
79 0.780001 88.622905 1497.223375
80 0.790001 74.875323 1259.506175
81 0.800001 63.301675 1061.176212
82 0.810001 53.543486 895.384968
83 0.820001 45.304297 756.533820
84 0.830001 38.338401 640.035003
85 0.840001 32.441730 542.120370
86 0.850001 27.444452 459.687979
87 0.860001 23.204948 390.178698
88 0.870001 19.604899 331.476711
89 0.880001 16.545270 281.829088
90 0.890001 13.943017 239.780610
91 0.900001 11.728387 204.120836
92 0.910001 9.842688 173.840997
93 0.920001 8.236459 148.098842
94 0.930001 6.867949 126.189871
95 0.940001 5.701864 107.523776
96 0.950001 4.708326 91.605086
97 0.960001 3.862002 78.017236
98 0.970001 3.141388 66.409445
99 0.980001 2.528205 56.485856
100 0.990001 2.006895 47.996563
101 1.000001 1.564202 40.730162
102 1.010001 1.188816 34.507564
103 1.020001 0.871081 29.176842
104 1.030001 0.602739 24.608943
105 1.040001 0.376727 20.694102
106 1.050001 0.186994 17.338839
107 1.060001 0.028353 14.463448
108 1.070001 -0.103646 11.999891
109 1.080001 -0.212823 9.890021
110 1.090001 -0.302459 8.084094
111 1.100001 -0.375375 6.539505
112 1.110001 -0.433997 5.219736
113 1.120001 -0.480414 4.093448
114 1.130001 -0.516421 3.133729
115 1.140001 -0.543566 2.317444
116 1.150001 -0.563181 1.624693
117 1.160001 -0.576414 1.038342
118 1.170001 -0.584253 0.543630
119 1.180001 -0.587549 0.127832
120 1.190001 -0.587036 -0.220027
121 1.200001 -0.583343 -0.509423
122 1.210001 -0.577015 -0.748537
123 1.220001 -0.568517 -0.944435
124 1.230001 -0.558250 -1.103225
125 1.240001 -0.546558 -1.230188
126 1.250001 -0.533737 -1.329890
127 1.260001 -0.520038 -1.406278
128 1.270001 -0.505677 -1.462768
129 1.280001 -0.490839 -1.502315
130 1.290001 -0.475679 -1.527471
131 1.300001 -0.460330 -1.540448
132 1.310001 -0.444904 -1.543153
133 1.320001 -0.429495 -1.537237
134 1.330001 -0.414183 -1.524126
135 1.340001 -0.399033 -1.505048
136 1.350001 -0.384099 -1.481065
137 1.360001 -0.369425 -1.453091
138 1.370001 -0.355047 -1.421911
139 1.380001 -0.340995 -1.388201
140 1.390001 -0.327290 -1.352540
141 1.400001 -0.313949 -1.315425
142 1.410001 -0.300985 -1.277280
143 1.420001 -0.288406 -1.238464
144 1.430001 -0.276217 -1.199285
145 1.440001 -0.264420 -1.160002
146 1.450001 -0.253016 -1.120833
147 1.460001 -0.242003 -1.081961
148 1.470001 -0.231375 -1.043537
149 1.480001 -0.221130 -1.005688
150 1.490001 -0.211259 -0.968516
151 1.500001 -0.201757 -0.932103
152 1.510001 -0.192615 -0.896516
153 1.520001 -0.183824 -0.861806
154 1.530001 -0.175375 -0.828010
155 1.540001 -0.167260 -0.795158
156 1.550001 -0.159469 -0.763267
157 1.560001 -0.151992 -0.732348
158 1.570001 -0.144819 -0.702406
159 1.580001 -0.137940 -0.673438
160 1.590001 -0.131347 -0.645439
161 1.600001 -0.125028 -0.618398
162 1.610001 -0.118976 -0.592302
163 1.620001 -0.113179 -0.567135
164 1.630001 -0.107630 -0.542878
165 1.640001 -0.102319 -0.519512
166 1.650001 -0.097237 -0.497015
167 1.660001 -0.092376 -0.475365
168 1.670001 -0.087727 -0.454538
169 1.680001 -0.083282 -0.434512
170 1.690001 -0.079034 -0.415262
171 1.700001 -0.074974 -0.396764
172 1.710001 -0.071096 -0.378994
173 1.720001 -0.067392 -0.361928
174 1.730001 -0.063855 -0.345543
175 1.740001 -0.060479 -0.329814
176 1.750001 -0.057257 -0.314720
177 1.760001 -0.054183 -0.300237
178 1.770001 -0.051250 -0.286343
179 1.780001 -0.048454 -0.273017
180 1.790001 -0.045788 -0.260238
181 1.800001 -0.043247 -0.247986
182 1.810001 -0.040827 -0.236240
183 1.820001 -0.038521 -0.224982
184 1.830001 -0.036326 -0.214192
185 1.840001 -0.034236 -0.203853
186 1.850001 -0.032247 -0.193948
187 1.860001 -0.030355 -0.184459
188 1.870001 -0.028556 -0.175370
189 1.880001 -0.026847 -0.166667
190 1.890001 -0.025222 -0.158332
191 1.900001 -0.023679 -0.150353
192 1.910001 -0.022214 -0.142716
193 1.920001 -0.020823 -0.135405
194 1.930001 -0.019505 -0.128410
195 1.940001 -0.018254 -0.121717
196 1.950001 -0.017069 -0.115314
197 1.960001 -0.015947 -0.109190
198 1.970001 -0.014885 -0.103335
199 1.980001 -0.013879 -0.097736
200 1.990001 -0.012929 -0.092384
201 2.000001 -0.012031 -0.087270
202 2.010001 -0.011183 -0.082384
203 2.020001 -0.010383 -0.077716
204 2.030001 -0.009628 -0.073259
205 2.040001 -0.008917 -0.069004
206 2.050001 -0.008247 -0.064944
207 2.060001 -0.007617 -0.061069
208 2.070001 -0.007025 -0.057374
209 2.080001 -0.006469 -0.053851
210 2.090001 -0.005948 -0.050493
211 2.100001 -0.005459 -0.047295
212 2.110001 -0.005001 -0.044249
213 2.120001 -0.004573 -0.041350
214 2.130001 -0.004174 -0.038593
215 2.140001 -0.003801 -0.035971
216 2.150001 -0.003454 -0.033479
217 2.160001 -0.003131 -0.031113
218 2.170001 -0.002831 -0.028868
219 2.180001 -0.002553 -0.026739
220 2.190001 -0.002296 -0.024721
221 2.200001 -0.002058 -0.022811
222 2.210001 -0.001839 -0.021004
223 2.220001 -0.001638 -0.019297
224 2.230001 -0.001453 -0.017685
225 2.240001 -0.001284 -0.016165
226 2.250001 -0.001130 -0.014734
227 2.260001 -0.000989 -0.013388
228 2.270001 -0.000862 -0.012124
229 2.280001 -0.000746 -0.010939
230 2.290001 -0.000643 -0.009831
231 2.300001 -0.000549 -0.008795
232 2.310001 -0.000466 -0.007831
233 2.320001 -0.000393 -0.006934
234 2.330001 -0.000328 -0.006102
235 2.340001 -0.000270 -0.005334
236 2.350001 -0.000221 -0.004627
237 2.360001 -0.000178 -0.003978
238 2.370001 -0.000141 -0.003386
239 2.380001 -0.000110 -0.002848
240 2.390001 -0.000084 -0.002363
241 2.400001 -0.000062 -0.001928
242 2.410001 -0.000045 -0.001542
243 2.420001 -0.000031 -0.001204
244 2.430001 -0.000021 -0.000910
245 2.440001 -0.000013 -0.000661
246 2.450001 -0.000007 -0.000453
247 2.460001 -0.000004 -0.000287
248 2.470001 -0.000002 -0.000159
249 2.480001 -0.000000 -0.000070
250 2.490001 -0.000000 -0.000017
251 2.500001 0.000000 -0.000000


TAIL2_TAIL2
N 251 R 0.000001 2.500000

1 0.000001 0.000000 0.000000
2 0.010001 7491005847263535609937920.000000 8988308185902146110506401792.000000
3 0.020001 1829956411542713925632.000000 1097918951013222700810240.000000
4 0.030001 14106929357035859968.000000 5642583658749587619840.000000
5 0.040001 446900745324310656.000000 134066872200105213952.000000
6 0.050001 30712627678432112.000000 7370883282751140864.000000
7 0.060001 3444763258407087.000000 688941185401823104.000000
8 0.070001 541764173657234.062500 92872537054437792.000000
9 0.080001 109122966030094.890625 16368242447089800.000000
10 0.090001 26551741648952.468750 3540193825148772.000000
11 0.100001 7499092558948.043945 899882558221089.125000
12 0.110001 2389466216967.360352 260666903060338.937500
13 0.120001 841088286341.250488 84108253312398.718750
14 0.130001 321883600652.951843 29712175524229.945312
15 0.140001 132277000994.459686 11337990358155.458984
16 0.150001 57799817102.735931 4623980878014.220703
17 0.160001 26642907253.428024 1998222318239.004639
18 0.170001 12871615781.770929 908590264881.904785
19 0.180001 6482573913.665147 432176543267.791199
20 0.190001 3388208987.374889 213996054350.041748
21 0.200001 1830827644.541285 109852624885.236496
22 0.210001 1019454059.801811 58256738666.347717
23 0.220001 583332483.052600 31819794787.061573
24 0.230001 342168696.778416 17853523790.029453
25 0.240001 205315456.346883 10266711126.049698
26 0.250001 125792361.806262 6038746440.484311
27 0.260001 78564592.650377 3626604401.139358
28 0.270001 49946896.341081 2220283992.021556
29 0.280001 32280254.256965 1383767997.796120
30 0.290001 21184046.509514 876839049.358134
31 0.300001 14101721.506358 564272709.729482
32 0.310001 9513022.861031 368408390.255886
33 0.320001 6497984.979116 243804614.884670
34 0.330001 4490730.645716 163404363.439545
35 0.340001 3137816.858272 110831803.162458
36 0.350001 2215291.458691 76022551.270188
37 0.360001 1579321.495463 52701305.461603
38 0.370001 1136347.094883 36901781.789415
39 0.380001 824774.264989 26084744.362622
40 0.390001 603590.207529 18604730.488347
41 0.400001 445191.030192 13383144.383509
42 0.410001 330807.392322 9705231.744576
43 0.420001 247552.892542 7092424.778319
44 0.430001 186498.365138 5221131.584320
45 0.440001 141402.234681 3870493.687129
46 0.450001 107865.007813 2888420.643322
47 0.460001 82760.825200 2169283.380313
48 0.470001 63851.796234 1639122.588490
49 0.480001 49524.062553 1245749.736061
50 0.490001 38605.663976 952063.868713
51 0.500001 30239.851927 731501.391347
52 0.510001 23796.297821 564913.012254
53 0.520001 18808.405866 438403.600564
54 0.530001 14928.745096 341826.951080
55 0.540001 11897.149924 267729.410071
56 0.550001 9517.740333 210603.422498
57 0.560001 7642.264579 166356.593143
58 0.570001 6157.952506 131931.639748
59 0.580001 4978.606975 105032.690371
60 0.590001 4038.033834 83927.005555
61 0.600001 3285.170587 67300.523543
62 0.610001 2680.455873 54152.040655
63 0.620001 2193.110192 43715.282968
64 0.630001 1799.089336 35401.224140
65 0.640001 1479.536926 28755.178092
66 0.650001 1219.609060 23424.729355
67 0.660001 1007.577711 19135.652679
68 0.670001 834.143856 15673.750554
69 0.680001 691.909158 12871.094797
70 0.690001 574.967955 10595.560441
71 0.700001 478.590987 8742.831636
72 0.710001 398.979297 7230.271526
73 0.720001 333.072052 5992.203439
74 0.730001 278.395953 4976.264938
75 0.740001 232.946820 4140.580611
76 0.750001 195.096180 3451.562051
77 0.760001 163.517334 2882.190025
78 0.770001 137.126670 2410.668712
79 0.780001 115.036926 2019.368011
80 0.790001 96.519864 1693.989655
81 0.800001 80.976382 1422.907747
82 0.810001 67.912501 1196.645712
83 0.820001 56.920034 1007.460221
84 0.830001 47.660974 849.009288
85 0.840001 39.854856 716.086789
86 0.850001 33.268504 604.409533
87 0.860001 27.707687 510.446044
88 0.870001 23.010318 431.278531
89 0.880001 19.040894 364.491344
90 0.890001 15.685941 308.080600
91 0.900001 12.850276 260.380813
92 0.910001 10.453936 220.005169
93 0.920001 8.429636 185.796819
94 0.930001 6.720682 156.789050
95 0.940001 5.279232 132.172669
96 0.950001 4.064864 111.269223
97 0.960001 3.043380 93.508967
98 0.970001 2.185813 78.412714
99 0.980001 1.467598 65.576836
100 0.990001 0.867882 54.660867
101 1.000001 0.368945 45.377215
102 1.010001 -0.044288 37.482632
103 1.020001 -0.384648 30.771106
104 1.030001 -0.663068 25.067949
105 1.040001 -0.888871 20.224859
106 1.050001 -1.070010 16.115789
107 1.060001 -1.213275 12.633495
108 1.070001 -1.324463 9.686631
109 1.080001 -1.408531 7.197324
110 1.090001 -1.469712 5.099119
111 1.100001 -1.511627 3.335258
112 1.110001 -1.537370 1.857227
113 1.120001 -1.549585 0.623525
114 1.130001 -1.550536 -0.401375
115 1.140001 -1.542152 -1.247902
116 1.150001 -1.526085 -1.942137
117 1.160001 -1.503742 -2.506443
118 1.170001 -1.476325 -2.960005
119 1.180001 -1.444856 -3.319285
120 1.190001 -1.410206 -3.598416
121 1.200001 -1.373114 -3.809532
122 1.210001 -1.334207 -3.963050
123 1.220001 -1.294015 -4.067917
124 1.230001 -1.252985 -4.131814
125 1.240001 -1.211493 -4.161334
126 1.250001 -1.169854 -4.162134
127 1.260001 -1.128330 -4.139069
128 1.270001 -1.087138 -4.096296
129 1.280001 -1.046458 -4.037381
130 1.290001 -1.006434 -3.965371
131 1.300001 -0.967185 -3.882872
132 1.310001 -0.928805 -3.792109
133 1.320001 -0.891365 -3.694976
134 1.330001 -0.854921 -3.593085
135 1.340001 -0.819514 -3.487801
136 1.350001 -0.785172 -3.380282
137 1.360001 -0.751913 -3.271502
138 1.370001 -0.719744 -3.162280
139 1.380001 -0.688666 -3.053298
140 1.390001 -0.658675 -2.945126
141 1.400001 -0.629759 -2.838232
142 1.410001 -0.601905 -2.733000
143 1.420001 -0.575093 -2.629740
144 1.430001 -0.549303 -2.528699
145 1.440001 -0.524511 -2.430071
146 1.450001 -0.500693 -2.334006
147 1.460001 -0.477822 -2.240611
148 1.470001 -0.455871 -2.149964
149 1.480001 -0.434813 -2.062112
150 1.490001 -0.414620 -1.977081
151 1.500001 -0.395262 -1.894874
152 1.510001 -0.376713 -1.815481
153 1.520001 -0.358943 -1.738876
154 1.530001 -0.341926 -1.665022
155 1.540001 -0.325634 -1.593872
156 1.550001 -0.310040 -1.525375
157 1.560001 -0.295118 -1.459469
158 1.570001 -0.280842 -1.396092
159 1.580001 -0.267188 -1.335176
160 1.590001 -0.254130 -1.276650
161 1.600001 -0.241647 -1.220443
162 1.610001 -0.229714 -1.166483
163 1.620001 -0.218310 -1.114695
164 1.630001 -0.207413 -1.065008
165 1.640001 -0.197003 -1.017348
166 1.650001 -0.187060 -0.971643
167 1.660001 -0.177564 -0.927823
168 1.670001 -0.168497 -0.885819
169 1.680001 -0.159842 -0.845561
170 1.690001 -0.151580 -0.806984
171 1.700001 -0.143697 -0.770022
172 1.710001 -0.136175 -0.734614
173 1.720001 -0.128999 -0.700697
174 1.730001 -0.122156 -0.668213
175 1.740001 -0.115631 -0.637105
176 1.750001 -0.109410 -0.607316
177 1.760001 -0.103480 -0.578795
178 1.770001 -0.097830 -0.551488
179 1.780001 -0.092446 -0.525347
180 1.790001 -0.087319 -0.500325
181 1.800001 -0.082436 -0.476374
182 1.810001 -0.077788 -0.453450
183 1.820001 -0.073364 -0.431513
184 1.830001 -0.069155 -0.410519
185 1.840001 -0.065151 -0.390431
186 1.850001 -0.061343 -0.371212
187 1.860001 -0.057724 -0.352824
188 1.870001 -0.054284 -0.335233
189 1.880001 -0.051016 -0.318407
190 1.890001 -0.047913 -0.302314
191 1.900001 -0.044968 -0.286922
192 1.910001 -0.042173 -0.272204
193 1.920001 -0.039522 -0.258131
194 1.930001 -0.037008 -0.244677
195 1.940001 -0.034626 -0.231816
196 1.950001 -0.032370 -0.219523
197 1.960001 -0.030234 -0.207775
198 1.970001 -0.028213 -0.196550
199 1.980001 -0.026301 -0.185827
200 1.990001 -0.024494 -0.175584
201 2.000001 -0.022788 -0.165802
202 2.010001 -0.021177 -0.156463
203 2.020001 -0.019657 -0.147548
204 2.030001 -0.018225 -0.139039
205 2.040001 -0.016875 -0.130922
206 2.050001 -0.015605 -0.123179
207 2.060001 -0.014410 -0.115796
208 2.070001 -0.013288 -0.108758
209 2.080001 -0.012234 -0.102051
210 2.090001 -0.011246 -0.095662
211 2.100001 -0.010320 -0.089579
212 2.110001 -0.009453 -0.083789
213 2.120001 -0.008643 -0.078281
214 2.130001 -0.007887 -0.073043
215 2.140001 -0.007181 -0.068065
216 2.150001 -0.006525 -0.063337
217 2.160001 -0.005914 -0.058848
218 2.170001 -0.005347 -0.054590
219 2.180001 -0.004821 -0.050554
220 2.190001 -0.004335 -0.046730
221 2.200001 -0.003886 -0.043111
222 2.210001 -0.003472 -0.039689
223 2.220001 -0.003092 -0.036456
224 2.230001 -0.002742 -0.033405
225 2.240001 -0.002423 -0.030530
226 2.250001 -0.002131 -0.027822
227 2.260001 -0.001866 -0.025277
228 2.270001 -0.001625 -0.022887
229 2.280001 -0.001408 -0.020647
230 2.290001 -0.001212 -0.018552
231 2.300001 -0.001036 -0.016596
232 2.310001 -0.000879 -0.014774
233 2.320001 -0.000740 -0.013080
234 2.330001 -0.000617 -0.011510
235 2.340001 -0.000510 -0.010060
236 2.350001 -0.000416 -0.008725
237 2.360001 -0.000335 -0.007501
238 2.370001 -0.000265 -0.006383
239 2.380001 -0.000207 -0.005369
240 2.390001 -0.000158 -0.004454
241 2.400001 -0.000117 -0.003634
242 2.410001 -0.000085 -0.002906
243 2.420001 -0.000059 -0.002268
244 2.430001 -0.000039 -0.001715
245 2.440001 -0.000024 -0.001244
246 2.450001 -0.000014 -0.000853
247 2.460001 -0.000007 -0.000540
248 2.470001 -0.000003 -0.000300
249 2.480001 -0.000001 -0.000132
250 2.490001 -0.000000 -0.000033
251 2.500001 0.000000 -0.000000


TAIL1_TAIL2
N 251 R 0.000001 2.500000

1 0.000001 0.000000 0.000000
2 0.010001 4055352.561726 818753727.815017
3 0.020001 994662.147922 101375485.078289
4 0.030001 433638.378520 29747161.235655
5 0.040001 239239.987110 12426954.865882
6 0.050001 150158.530648 6299780.170660
7 0.060001 102253.328486 3609354.973817
8 0.070001 73659.298861 2250064.987606
9 0.080001 55289.281044 1492049.211152
10 0.090001 42823.911733 1037164.353016
11 0.100001 33999.656204 748264.359585
12 0.110001 27538.771646 556307.239380
13 0.120001 22676.423647 423978.918198
14 0.130001 18932.528715 329921.368408
15 0.140001 15993.669382 261315.929604
16 0.150001 13648.361421 210156.292290
17 0.160001 11749.822262 171269.012581
18 0.170001 10193.666221 141211.675805
19 0.180001 8904.065626 117634.365580
20 0.190001 7824.898980 98896.443112
21 0.200001 6913.935590 83829.382261
22 0.210001 6138.923590 71585.953800
23 0.220001 5474.902274 61541.970921
24 0.230001 4902.320291 53230.873284
25 0.240001 4405.695400 46299.313305
26 0.250001 3972.645023 40476.461727
27 0.260001 3593.175047 35552.448799
28 0.270001 3259.151306 31362.996350
29 0.280001 2963.902125 27778.313110
30 0.290001 2701.916152 24694.969503
31 0.300001 2468.610290 22029.883248
32 0.310001 2260.149785 19715.819363
33 0.320001 2073.307543 17697.989463
34 0.330001 1905.353203 15931.457757
35 0.340001 1753.965021 14379.145100
36 0.350001 1617.159370 13010.280649
37 0.360001 1493.233948 11799.191508
38 0.370001 1380.721756 10724.349765
39 0.380001 1278.353564 9767.617068
40 0.390001 1185.027144 8913.641959
41 0.400001 1099.781906 8149.376148
42 0.410001 1021.777885 7463.684030
43 0.420001 950.278260 6847.025754
44 0.430001 884.634724 6291.198654
45 0.440001 824.275213 5789.125271
46 0.450001 768.693552 5334.678738
47 0.460001 717.440694 4922.538323
48 0.470001 670.117279 4548.069395
49 0.480001 626.367286 4207.223285
50 0.490001 585.872607 3896.453430
51 0.500001 548.348387 3612.644873
52 0.510001 513.539017 3353.054791
53 0.520001 481.214664 3115.262159
54 0.530001 451.168282 2897.124995
55 0.540001 423.213001 2696.743942
56 0.550001 397.179863 2512.431143
57 0.560001 372.915845 2342.683572
58 0.570001 350.282127 2186.160113
59 0.580001 329.152573 2041.661806
60 0.590001 309.412399 1908.114789
61 0.600001 290.956995 1784.555514
62 0.610001 273.690892 1670.117917
63 0.620001 257.526839 1564.022254
64 0.630001 242.384992 1465.565357
65 0.640001 228.192193 1374.112125
66 0.650001 214.881325 1289.088063
67 0.660001 202.390741 1209.972740
68 0.670001 190.663753 1136.294030
69 0.680001 179.648173 1067.623039
70 0.690001 169.295904 1003.569628
71 0.700001 159.562576 943.778451
72 0.710001 150.407211 887.925447
73 0.720001 141.791929 835.714725
74 0.730001 133.681680 786.875797
75 0.740001 126.044001 741.161111
76 0.750001 118.848802 698.343856
77 0.760001 112.068161 658.215998
78 0.770001 105.676155 620.586522
79 0.780001 99.648690 585.279865
80 0.790001 93.963355 552.134498
81 0.800001 88.599293 521.001667
82 0.810001 83.537072 491.744248
83 0.820001 78.758579 464.235723
84 0.830001 74.246918 438.359255
85 0.840001 69.986315 414.006855
86 0.850001 65.962035 391.078622
87 0.860001 62.160304 369.482065
88 0.870001 58.568241 349.131483
89 0.880001 55.173787 329.947401
90 0.890001 51.965651 311.856067
91 0.900001 48.933252 294.788979
92 0.910001 46.066670 278.682476
93 0.920001 43.356598 263.477344
94 0.930001 40.794302 249.118471
95 0.940001 38.371579 235.554529
96 0.950001 36.080722 222.737678
97 0.960001 33.914485 210.623305
98 0.970001 31.866053 199.169775
99 0.980001 29.929016 188.338213
100 0.990001 28.097337 178.092293
101 1.000001 26.365332 168.398057
102 1.010001 24.727643 159.223737
103 1.020001 23.179223 150.539600
104 1.030001 21.715310 142.317801
105 1.040001 20.331413 134.532249
106 1.050001 19.023293 127.158482
107 1.060001 17.786947 120.173558
108 1.070001 16.618597 113.555944
109 1.080001 15.514672 107.285423
110 1.090001 14.471795 101.343002
111 1.100001 13.486778 95.710831
112 1.110001 12.556601 90.372128
113 1.120001 11.678410 85.311101
114 1.130001 10.849503 80.512893
115 1.140001 10.067322 75.963511
116 1.150001 9.329447 71.649777
117 1.160001 8.633583 67.559271
118 1.170001 7.977557 63.680285
119 1.180001 7.359309 60.001776
120 1.190001 6.776888 56.513327
121 1.200001 6.228442 53.205103
122 1.210001 5.712216 50.067819
123 1.220001 5.226545 47.092706
124 1.230001 4.769849 44.271475
125 1.240001 4.340629 41.596293
126 1.250001 3.937461 39.059753
127 1.260001 3.558995 36.654848
128 1.270001 3.203947 34.374949
129 1.280001 2.871100 32.213779
130 1.290001 2.559296 30.165398
131 1.300001 2.267435 28.224178
132 1.310001 1.994473 26.384787
133 1.320001 1.739417 24.642172
134 1.330001 1.501323 22.991543
135 1.340001 1.279294 21.428358
136 1.350001 1.072479 19.948308
137 1.360001 0.880065 18.547306
138 1.370001 0.701282 17.221471
139 1.380001 0.535397 15.967121
140 1.390001 0.381713 14.780759
141 1.400001 0.239566 13.659062
142 1.410001 0.108327 12.598877
143 1.420001 -0.012606 11.597203
144 1.430001 -0.123803 10.651192
145 1.440001 -0.225807 9.758132
146 1.450001 -0.319134 8.915449
147 1.460001 -0.404275 8.120690
148 1.470001 -0.481699 7.371525
149 1.480001 -0.551850 6.665736
150 1.490001 -0.615152 6.001210
151 1.500001 -0.672005 5.375939
152 1.510001 -0.722795 4.788009
153 1.520001 -0.767884 4.235597
154 1.530001 -0.807619 3.716968
155 1.540001 -0.842330 3.230469
156 1.550001 -0.872331 2.774524
157 1.560001 -0.897918 2.347632
158 1.570001 -0.919375 1.948362
159 1.580001 -0.936972 1.575351
160 1.590001 -0.950965 1.227297
161 1.600001 -0.961597 0.902961
162 1.610001 -0.969100 0.601159
163 1.620001 -0.973692 0.320765
164 1.630001 -0.975583 0.060701
165 1.640001 -0.974970 -0.180058
166 1.650001 -0.972043 -0.402493
167 1.660001 -0.966978 -0.607540
168 1.670001 -0.959947 -0.796089
169 1.680001 -0.951109 -0.968993
170 1.690001 -0.940617 -1.127065
171 1.700001 -0.928614 -1.271083
172 1.710001 -0.915239 -1.401786
173 1.720001 -0.900621 -1.519883
174 1.730001 -0.884881 -1.626051
175 1.740001 -0.868137 -1.720934
176 1.750001 -0.850498 -1.805151
177 1.760001 -0.832068 -1.879289
178 1.770001 -0.812944 -1.943913
179 1.780001 -0.793220 -1.999559
180 1.790001 -0.772981 -2.046741
181 1.800001 -0.752311 -2.085952
182 1.810001 -0.731287 -2.117658
183 1.820001 -0.709982 -2.142310
184 1.830001 -0.688463 -2.160335
185 1.840001 -0.666796 -2.172142
186 1.850001 -0.645040 -2.178123
187 1.860001 -0.623251 -2.178652
188 1.870001 -0.601484 -2.174086
189 1.880001 -0.579785 -2.164765
190 1.890001 -0.558203 -2.151018
191 1.900001 -0.536779 -2.133155
192 1.910001 -0.515553 -2.111474
193 1.920001 -0.494561 -2.086260
194 1.930001 -0.473838 -2.057786
195 1.940001 -0.453415 -2.026312
196 1.950001 -0.433321 -1.992085
197 1.960001 -0.413582 -1.955344
198 1.970001 -0.394222 -1.916315
199 1.980001 -0.375263 -1.875215
200 1.990001 -0.356724 -1.832251
201 2.000001 -0.338623 -1.787620
202 2.010001 -0.320976 -1.741513
203 2.020001 -0.303797 -1.694109
204 2.030001 -0.287098 -1.645580
205 2.040001 -0.270889 -1.596091
206 2.050001 -0.255179 -1.545799
207 2.060001 -0.239975 -1.494855
208 2.070001 -0.225283 -1.443400
209 2.080001 -0.211108 -1.391571
210 2.090001 -0.197453 -1.339500
211 2.100001 -0.184319 -1.287309
212 2.110001 -0.171707 -1.235118
213 2.120001 -0.159616 -1.183040
214 2.130001 -0.148045 -1.131181
215 2.140001 -0.136991 -1.079646
216 2.150001 -0.126451 -1.028532
217 2.160001 -0.116419 -0.977931
218 2.170001 -0.106890 -0.927933
219 2.180001 -0.097858 -0.878622
220 2.190001 -0.089315 -0.830078
221 2.200001 -0.081254 -0.782379
222 2.210001 -0.073665 -0.735595
223 2.220001 -0.066538 -0.689798
224 2.230001 -0.059865 -0.645052
225 2.240001 -0.053634 -0.601419
226 2.250001 -0.047833 -0.558959
227 2.260001 -0.042450 -0.517728
228 2.270001 -0.037474 -0.477778
229 2.280001 -0.032890 -0.439162
230 2.290001 -0.028686 -0.401925
231 2.300001 -0.024847 -0.366114
232 2.310001 -0.021359 -0.331771
233 2.320001 -0.018207 -0.298936
234 2.330001 -0.015375 -0.267648
235 2.340001 -0.012848 -0.237942
236 2.350001 -0.010611 -0.209852
237 2.360001 -0.008646 -0.183410
238 2.370001 -0.006937 -0.158647
239 2.380001 -0.005467 -0.135589
240 2.390001 -0.004219 -0.114263
241 2.400001 -0.003176 -0.094695
242 2.410001 -0.002320 -0.076907
243 2.420001 -0.001632 -0.060920
244 2.430001 -0.001095 -0.046755
245 2.440001 -0.000691 -0.034430
246 2.450001 -0.000400 -0.023962
247 2.460001 -0.000205 -0.015368
248 2.470001 -0.000087 -0.008662
249 2.480001 -0.000026 -0.003857
250 2.490001 -0.000003 -0.000966
251 2.500001 0.000000 -0.000000


HEAD_TAIL1
N 251 R 0.000001 2.500000

1 0.000001 0.000000 0.000000
2 0.010001 24314444593509360950312960.000000 29174450449997693193314893824.000000
3 0.020001 5939706187260593438720.000000 3563649729511701017001984.000000
4 0.030001 45788530870157172736.000000 18314823436994474934272.000000
5 0.040001 1450558666892366336.000000 435157233942263889920.000000
6 0.050001 99687613506522240.000000 23924576943493128192.000000
7 0.060001 11181076480268660.000000 2236180661552196864.000000
8 0.070001 1758468328765675.250000 301447762339484864.000000
9 0.080001 354193423567327.250000 53128412037654632.000000
10 0.090001 86182177328870.031250 11490842842197844.000000
11 0.100001 24340716933219.253906 2920860265381952.500000
12 0.110001 7755787147405.915039 846079176032407.250000
13 0.120001 2730027985802.303711 273000845282135.562500
14 0.130001 1044780755982.549927 96440672348206.093750
15 0.140001 429350356315.213013 36801239613907.601562
16 0.150001 187609846790.212738 15008705371673.910156
17 0.160001 86479489458.275269 6485928815433.436523
18 0.170001 41779935806.916389 2949158066656.057617
19 0.180001 21041973376.675865 1402792084894.507568
20 0.190001 10998028491.027706 694609488449.103760
21 0.200001 5942914406.485588 356573501714.531738
22 0.210001 3309246569.474327 189099126336.618195
23 0.220001 1893606005.582513 103287252533.709732
24 0.230001 1110781888.495340 57953653983.138557
25 0.240001 666544064.852195 33327103654.271679
26 0.250001 408398869.007065 19603090401.945210
27 0.260001 255085199.546641 11773131649.701263
28 0.270001 162181386.521885 7208043422.096502
29 0.280001 104826356.742710 4492547396.630832
30 0.290001 68800490.608416 2846910391.863813
31 0.300001 45805017.377026 1832196747.991534
32 0.310001 30904971.192427 1196319017.279644
33 0.320001 21113948.331634 791771522.242500
34 0.330001 14594943.195035 530724225.266553
35 0.340001 10200539.623050 360018411.870605
36 0.350001 7203674.102684 246982698.416746
37 0.360001 5137371.745635 171245451.877951
38 0.370001 3697862.033079 119930478.598212
39 0.380001 2685150.314650 84794098.086534
40 0.390001 1966060.272648 60494079.223776
41 0.400001 1450950.338220 43528453.406591
42 0.410001 1078863.445610 31576452.045573
43 0.420001 807944.582940 23084103.916597
44 0.430001 609188.751146 17000597.519529
45 0.440001 462318.736116 12608679.693499
46 0.450001 353039.827816 9414386.248001
47 0.460001 271194.033396 7074620.560938
48 0.470001 209507.726789 5349128.997942
49 0.480001 162734.527724 4068360.118165
50 0.490001 127063.788365 3111764.150419
51 0.500001 99709.123402 2393017.566447
52 0.510001 78619.995339 1849881.350056
53 0.520001 62278.072947 1437185.766533
54 0.530001 49552.435149 1121941.655652
55 0.540001 39595.921142 879909.273799
56 0.550001 31770.453103 693173.572124
57 0.560001 25592.897276 548419.373876
58 0.570001 20695.579107 435696.617629
59 0.580001 16797.319349 347531.009045
60 0.590001 13682.069308 278279.673244
61 0.600001 11183.066703 223661.654201
62 0.610001 9171.024640 180413.934188
63 0.620001 7545.282917 146038.077216
64 0.630001 6227.146570 118612.663209
65 0.640001 5154.847513 96653.739485
66 0.650001 4279.716526 79010.498528
67 0.660001 3563.262075 64786.927406
68 0.670001 2974.931669 53282.698185
69 0.680001 2490.389214 43948.379712
70 0.690001 2090.184137 36351.357433
71 0.700001 1758.719202 30149.794790
72 0.710001 1483.446977 25072.659542
73 0.720001 1254.242012 20904.343158
74 0.730001 1062.908576 17472.772646
75 0.740001 902.793347 14640.188292
76 0.750001 768.479666 12295.964129
77 0.760001 655.545382 10350.999411
78 0.770001 560.370473 8733.322638
79 0.780001 479.983716 7384.634740
80 0.790001 411.940139 6257.582145
81 0.800001 354.222771 5313.598968
82 0.810001 305.163654 4521.194389
83 0.820001 263.380169 3854.589394
84 0.830001 227.723559 3292.628489
85 0.840001 197.237212 2817.908509
86 0.850001 171.122761 2416.079311
87 0.860001 148.712472 2075.280946
88 0.870001 129.446686 1785.689509
89 0.880001 112.855370 1539.149736
90 0.890001 98.542962 1328.877060
91 0.900001 86.175926 1149.215403
92 0.910001 75.472480 995.439815
93 0.920001 66.194121 863.595281
94 0.930001 58.138606 750.364776
95 0.940001 51.134136 652.961018
96 0.950001 45.034508 569.037479
97 0.960001 39.715096 496.615060
98 0.970001 35.069484 434.021561
99 0.980001 31.006654 379.841608
100 0.990001 27.448636 332.875143
101 1.000001 24.328528 292.102951
102 1.010001 21.588841 256.657980
103 1.020001 19.180092 225.801428
104 1.030001 17.059635 198.902773
105 1.040001 15.190654 175.423068
106 1.050001 13.541326 154.900934
107 1.060001 12.084105 136.940811
108 1.070001 10.795110 121.203064
109 1.080001 9.653616 107.395660
110 1.090001 8.641607 95.267141
111 1.100001 7.743405 84.600685
112 1.110001 6.945349 75.209083
113 1.120001 6.235518 66.930476
114 1.130001 5.603500 59.624739
115 1.140001 5.040188 53.170407
116 1.150001 4.537608 47.462058
117 1.160001 4.088768 42.408076
118 1.170001 3.687533 37.928752
119 1.180001 3.328511 33.954647
120 1.190001 3.006960 30.425200
121 1.200001 2.718703 27.287534
122 1.210001 2.460059 24.495422
123 1.220001 2.227778 22.008414
124 1.230001 2.018992 19.791067
125 1.240001 1.831163 17.812298
126 1.250001 1.662043 16.044817
127 1.260001 1.509643 14.464636
128 1.270001 1.372197 13.050651
129 1.280001 1.248138 11.784277
130 1.290001 1.136074 10.649127
131 1.300001 1.034767 9.630742
132 1.310001 0.943113 8.716348
133 1.320001 0.860131 7.894651
134 1.330001 0.784945 7.155659
135 1.340001 0.716772 6.490516
136 1.350001 0.654915 5.891373
137 1.360001 0.598748 5.351265
138 1.370001 0.547714 4.864003
139 1.380001 0.501311 4.424088
140 1.390001 0.459090 4.026626
141 1.400001 0.420651 3.667258
142 1.410001 0.385631 3.342100
143 1.420001 0.353707 3.047688
144 1.430001 0.324586 2.780929
145 1.440001 0.298005 2.539059
146 1.450001 0.273730 2.319608
147 1.460001 0.251546 2.120366
148 1.470001 0.231262 1.939352
149 1.480001 0.212704 1.774792
150 1.490001 0.195716 1.625095
151 1.500001 0.180157 1.488833
152 1.510001 0.165899 1.364723
153 1.520001 0.152826 1.251612
154 1.530001 0.140834 1.148464
155 1.540001 0.129827 1.054344
156 1.550001 0.119720 0.968413
157 1.560001 0.110434 0.889912
158 1.570001 0.101899 0.818158
159 1.580001 0.094051 0.752535
160 1.590001 0.086830 0.692485
161 1.600001 0.080184 0.637505
162 1.610001 0.074064 0.587141
163 1.620001 0.068427 0.540979
164 1.630001 0.063232 0.498648
165 1.640001 0.058443 0.459810
166 1.650001 0.054025 0.424158
167 1.660001 0.049950 0.391414
168 1.670001 0.046188 0.361327
169 1.680001 0.042715 0.333668
170 1.690001 0.039507 0.308229
171 1.700001 0.036544 0.284820
172 1.710001 0.033805 0.263270
173 1.720001 0.031273 0.243423
174 1.730001 0.028931 0.225134
175 1.740001 0.026765 0.208276
176 1.750001 0.024761 0.192728
177 1.760001 0.022907 0.178384
178 1.770001 0.021190 0.165145
179 1.780001 0.019600 0.152920
180 1.790001 0.018128 0.141627
181 1.800001 0.016765 0.131192
182 1.810001 0.015502 0.121545
183 1.820001 0.014332 0.112624
184 1.830001 0.013247 0.104371
185 1.840001 0.012242 0.096734
186 1.850001 0.011311 0.089663
187 1.860001 0.010447 0.083115
188 1.870001 0.009647 0.077050
189 1.880001 0.008905 0.071429
190 1.890001 0.008217 0.066219
191 1.900001 0.007579 0.061388
192 1.910001 0.006988 0.056908
193 1.920001 0.006440 0.052752
194 1.930001 0.005932 0.048894
195 1.940001 0.005461 0.045315
196 1.950001 0.005025 0.041991
197 1.960001 0.004620 0.038905
198 1.970001 0.004246 0.036038
199 1.980001 0.003899 0.033375
200 1.990001 0.003578 0.030901
201 2.000001 0.003280 0.028602
202 2.010001 0.003005 0.026465
203 2.020001 0.002751 0.024479
204 2.030001 0.002515 0.022633
205 2.040001 0.002297 0.020916
206 2.050001 0.002096 0.019320
207 2.060001 0.001911 0.017837
208 2.070001 0.001739 0.016457
209 2.080001 0.001581 0.015174
210 2.090001 0.001436 0.013982
211 2.100001 0.001301 0.012873
212 2.110001 0.001178 0.011842
213 2.120001 0.001064 0.010884
214 2.130001 0.000960 0.009994
215 2.140001 0.000864 0.009167
216 2.150001 0.000776 0.008399
217 2.160001 0.000696 0.007685
218 2.170001 0.000622 0.007023
219 2.180001 0.000555 0.006409
220 2.190001 0.000494 0.005839
221 2.200001 0.000438 0.005311
222 2.210001 0.000388 0.004821
223 2.220001 0.000342 0.004368
224 2.230001 0.000300 0.003949
225 2.240001 0.000263 0.003561
226 2.250001 0.000229 0.003203
227 2.260001 0.000199 0.002873
228 2.270001 0.000171 0.002569
229 2.280001 0.000147 0.002289
230 2.290001 0.000126 0.002032
231 2.300001 0.000106 0.001796
232 2.310001 0.000090 0.001581
233 2.320001 0.000075 0.001383
234 2.330001 0.000062 0.001204
235 2.340001 0.000051 0.001040
236 2.350001 0.000041 0.000893
237 2.360001 0.000033 0.000759
238 2.370001 0.000026 0.000639
239 2.380001 0.000020 0.000532
240 2.390001 0.000015 0.000437
241 2.400001 0.000011 0.000353
242 2.410001 0.000008 0.000280
243 2.420001 0.000006 0.000216
244 2.430001 0.000004 0.000162
245 2.440001 0.000002 0.000116
246 2.450001 0.000001 0.000079
247 2.460001 0.000001 0.000050
248 2.470001 0.000000 0.000027
249 2.480001 0.000000 0.000012
250 2.490001 0.000000 0.000003
251 2.500001 0.000000 -0.000000


HEAD_TAIL2
N 251 R 0.000001 2.500000

1 0.000001 0.000000 0.000000
2 0.010001 340888961399609509087290557393833191014400.000000 613539225724291059311350174571095715586506752.000000
3 0.020001 1301558977269720195149494103243227136.000000 1171345369688381875093856201541056200704.000000
4 0.030001 880950430036902924896844145229824.000000 528553026477468412632114229076295680.000000
5 0.040001 4967288164670063008608270942208.000000 2235225429589497797490194780258304.000000
6 0.050001 89490762134766978607718858752.000000 32216053628593261246801931927552.000000
7 0.060001 3361567490401107419989016576.000000 1008454177705352644389010145280.000000
8 0.070001 209661280552220749952188416.000000 53912170001377960132457005056.000000
9 0.080001 18952964436687400193753088.000000 4264366815030002546255069184.000000
10 0.090001 2274796759292549336662016.000000 454954629816753566378885120.000000
11 0.100001 341441618652815675097088.000000 61458921753859570966462464.000000
12 0.110001 61412281265963376050176.000000 10049198388247406846148608.000000
13 0.120001 12825285938417051369472.000000 1923778267406452136083456.000000
14 0.130001 3036366245398402039808.000000 420417015421904770564096.000000
15 0.140001 799897149836400656384.000000 102843259947067419656192.000000
16 0.150001 231046743139040559104.000000 27725444634280303001600.000000
17 0.160001 72307955723328438272.000000 8134600131816174125056.000000
18 0.170001 24281083385578098688.000000 2570924999548298330112.000000
19 0.180001 8678528779781359616.000000 867848691825603379200.000000
20 0.190001 3279356778842962432.000000 310674497635858120704.000000
21 0.200001 1302613638118295552.000000 117234727067899822080.000000
22 0.210001 541265191641900800.000000 46393972318341840896.000000
23 0.220001 234288429559537440.000000 19168980226751004672.000000
24 0.230001 105259085544560064.000000 8237637778140848128.000000
25 0.240001 48928252658547048.000000 3669606345359832064.000000
26 0.250001 23466223567271204.000000 1689562575280718592.000000
27 0.260001 11583619924290034.000000 801940420435206784.000000
28 0.270001 5872430984158520.000000 391494235522191232.000000
29 0.280001 3051561634725289.500000 196171262352452768.000000
30 0.290001 1622571004609400.500000 100711030171085600.000000
31 0.300001 881426263008892.750000 52885438205591296.000000
32 0.310001 488493650551923.812500 28364076715654732.000000
33 0.320001 275848476948418.656250 15516439696834506.000000
34 0.330001 158533125780007.687500 8647241531824781.000000
35 0.340001 92629886181083.703125 4903924316915529.000000
36 0.350001 54972754149922.273438 2827164205173562.000000
37 0.360001 33107615338362.578125 1655377380311707.000000
38 0.370001 20218199063281.093750 983586124139293.000000
39 0.380001 12510345916216.669922 592594207168137.250000
40 0.390001 7838115492279.006836 361758513772306.000000
41 0.400001 4969300296135.950195 223618117959610.718750
42 0.410001 3186149440142.399902 139879492734731.531250
43 0.420001 2064851337947.671143 88493482843886.750000
44 0.430001 1351899006915.928467 56591031034958.914062
45 0.440001 893775994296.127930 36563507067143.640625
46 0.450001 596419740553.567139 23856754069345.488281
47 0.460001 401547258166.125854 15712696140886.117188
48 0.470001 272656938401.839478 10442166045587.269531
49 0.480001 186653470977.434082 6999495702801.706055
50 0.490001 128780241450.920044 4730696555460.393555
51 0.500001 89519761517.423157 3222707328194.431152
52 0.510001 62678144513.552483 2212167088086.190430
53 0.520001 44189532855.142456 1529635853869.990479
54 0.530001 31362756537.998535 1065148992066.013916
55 0.540001 22402293143.604786 746742268604.336426
56 0.550001 16100968671.110035 526940220585.194580
57 0.560001 11641157994.167570 374179684175.163513
58 0.570001 8465127668.725556 267319547885.933777
59 0.580001 6189809265.902471 192097338427.823273
60 0.590001 4550353846.253749 138824221028.737183
61 0.600001 3362475225.179226 100874162544.433792
62 0.610001 2497150878.400652 73686352575.671402
63 0.620001 1863509491.397409 54101840872.234283
64 0.630001 1397179902.030333 39919391698.676430
65 0.640001 1052308023.860554 29596138659.582508
66 0.650001 796053363.428665 22044536968.124840
67 0.660001 604772372.445434 16493779123.794266
68 0.670001 461356358.635134 12394639077.992285
69 0.680001 353364324.689493 9353754689.461409
70 0.690001 271706271.342188 7087984663.805863
71 0.700001 209709804.988656 5392534145.477728
72 0.710001 162455094.682056 4118577136.932359
73 0.720001 126298684.765156 3157465101.394330
74 0.730001 98530895.095822 2429527425.468359
75 0.740001 77128182.437167 1876089815.859017
76 0.750001 60573329.885419 1453759095.427886
77 0.760001 47724310.394238 1130312005.842564
78 0.770001 37718238.125265 881724597.284108
79 0.780001 29900725.529938 690016412.129281
80 0.790001 23773714.922815 541679338.866746
81 0.800001 18956800.607884 426527839.107278
82 0.810001 15158442.371521 336854150.895750
83 0.820001 12154460.239503 266805138.887158
84 0.830001 9771909.918943 211920880.940849
85 0.840001 7876949.469235 168791739.072873
86 0.850001 6365677.458455 134802562.682348
87 0.860001 5157191.357514 107941208.116160
88 0.870001 4188310.675534 86654706.673169
89 0.880001 3409552.599314 69740858.715810
90 0.890001 2782053.133432 56266258.512840
91 0.900001 2275204.319513 45504105.664426
92 0.910001 1864835.512318 36886878.427887
93 0.920001 1531809.304302 29970206.246737
94 0.930001 1260934.434688 24405208.264085
95 0.940001 1040121.744795 19917251.536475
96 0.950001 859727.031185 16289592.053530
97 0.960001 712038.029528 13350740.642969
98 0.970001 590872.858537 10964678.695738
99 0.980001 491264.894343 9023260.425262
100 0.990001 409214.845596 7440297.426414
101 1.000001 341495.214766 6146941.111819
102 1.010001 285495.701713 5088069.122739
103 1.020001 239100.685954 4219450.398290
104 1.030001 200591.904781 3505515.701835
105 1.040001 168570.968912 2917600.112526
106 1.050001 141897.533814 2432554.328755
107 1.060001 119639.855042 2031644.871540
108 1.070001 101035.161898 1699681.126658
109 1.080001 85457.832621 1424320.909893
110 1.090001 72393.782151 1195516.850901
111 1.100001 61419.807736 1005074.102752
112 1.110001 52186.899421 846296.254242
113 1.120001 44406.727851 713701.275281
114 1.130001 37840.683446 602793.186091
115 1.140001 32290.968397 509878.156684
116 1.150001 27593.343565 431916.104088
117 1.160001 23611.212083 366400.707446
118 1.170001 20230.784666 311262.217830
119 1.180001 17357.121903 264788.587663
120 1.190001 14910.888853 225561.351094
121 1.200001 12825.689216 192403.404034
122 1.210001 11045.871920 164336.401277
123 1.220001 9524.723450 140545.939994
124 1.230001 8222.975652 120353.058542
125 1.240001 7107.572026 103190.866381
126 1.250001 6150.646117 88585.350101
127 1.260001 5328.674248 76139.584013
128 1.270001 4621.771782 65520.720921
129 1.280001 4013.107717 56449.256910
130 1.290001 3488.417028 48690.159093
131 1.300001 3035.593817 42045.522026
132 1.310001 2644.351430 36348.480377
133 1.320001 2305.938099 31458.155619
134 1.330001 2012.898724 27255.455060
135 1.340001 1758.875034 23639.574522
136 1.350001 1538.437718 20525.082770
137 1.360001 1346.945232 17839.487565
138 1.370001 1180.424885 15521.201065
139 1.380001 1035.472559 13517.836774
140 1.390001 909.168044 11784.782145
141 1.400001 799.003462 10284.000683
142 1.410001 702.822684 8983.025358
143 1.420001 618.769992 7854.111729
144 1.430001 545.246521 6873.524540
145 1.440001 480.873261 6020.936038
146 1.450001 424.459595 5278.917886
147 1.460001 374.976508 4632.511633
148 1.470001 331.533764 4068.865135
149 1.480001 293.360416 3576.924481
150 1.490001 259.788176 3147.172628
151 1.500001 230.237179 2771.407427
152 1.510001 204.203807 2442.552894
153 1.520001 181.250249 2154.498572
154 1.530001 160.995551 1901.962648
155 1.540001 143.107930 1680.375202
156 1.550001 127.298161 1485.778507
157 1.560001 113.313899 1314.741821
158 1.570001 100.934777 1164.288466
159 1.580001 89.968190 1031.833385
160 1.590001 80.245652 915.129597
161 1.600001 71.619652 812.222249
162 1.610001 63.960930 721.409149
163 1.620001 57.156131 641.206821
164 1.630001 51.105765 570.321302
165 1.640001 45.722439 507.622977
166 1.650001 40.929326 452.124881
167 1.660001 36.658836 402.963977
168 1.670001 32.851457 359.384978
169 1.680001 29.454750 320.726365
170 1.690001 26.422474 286.408286
171 1.700001 23.713822 255.922072
172 1.710001 21.292758 228.821156
173 1.720001 19.127432 204.713188
174 1.730001 17.189676 183.253193
175 1.740001 15.454560 164.137622
176 1.750001 13.900006 147.099183
177 1.760001 12.506443 131.902332
178 1.770001 11.256517 118.339360
179 1.780001 10.134825 106.226965
180 1.790001 9.127686 95.403275
181 1.800001 8.222944 85.725241
182 1.810001 7.409787 77.066361
183 1.820001 6.678596 69.314687
184 1.830001 6.020803 62.371087
185 1.840001 5.428775 56.147720
186 1.850001 4.895709 50.566694
187 1.860001 4.415533 45.558898
188 1.870001 3.982827 41.062969
189 1.880001 3.592750 37.024391
190 1.890001 3.240977 33.394702
191 1.900001 2.923638 30.130790
192 1.910001 2.637271 27.194282
193 1.920001 2.378776 24.551001
194 1.930001 2.145376 22.170488
195 1.940001 1.934582 20.025585
196 1.950001 1.744161 18.092057
197 1.960001 1.572109 16.348269
198 1.970001 1.416628 14.774894
199 1.980001 1.276101 13.354659
200 1.990001 1.149077 12.072115
201 2.000001 1.034247 10.913436
202 2.010001 0.930437 9.866248
203 2.020001 0.836588 8.919462
204 2.030001 0.751746 8.063140
205 2.040001 0.675054 7.288370
206 2.050001 0.605734 6.587156
207 2.060001 0.543090 5.952318
208 2.070001 0.486489 5.377408
209 2.080001 0.435361 4.856630
210 2.090001 0.389193 4.384775
211 2.100001 0.347519 3.957153
212 2.110001 0.309917 3.569547
213 2.120001 0.276008 3.218155
214 2.130001 0.245445 2.899556
215 2.140001 0.217918 2.610662
216 2.150001 0.193142 2.348692
217 2.160001 0.170863 2.111133
218 2.170001 0.150846 1.895719
219 2.180001 0.132882 1.700403
220 2.190001 0.116778 1.523335
221 2.200001 0.102360 1.362842
222 2.210001 0.089471 1.217413
223 2.220001 0.077967 1.085678
224 2.230001 0.067716 0.966399
225 2.240001 0.058601 0.858454
226 2.250001 0.050513 0.760827
227 2.260001 0.043353 0.672596
228 2.270001 0.037033 0.592925
229 2.280001 0.031469 0.521056
230 2.290001 0.026588 0.456302
231 2.300001 0.022322 0.398037
232 2.310001 0.018608 0.345695
233 2.320001 0.015390 0.298759
234 2.330001 0.012617 0.256760
235 2.340001 0.010240 0.219273
236 2.350001 0.008218 0.185909
237 2.360001 0.006510 0.156314
238 2.370001 0.005080 0.130168
239 2.380001 0.003896 0.107177
240 2.390001 0.002927 0.087074
241 2.400001 0.002146 0.069616
242 2.410001 0.001527 0.054581
243 2.420001 0.001047 0.041765
244 2.430001 0.000685 0.030985
245 2.440001 0.000422 0.022072
246 2.450001 0.000239 0.014870
247 2.460001 0.000119 0.009240
248 2.470001 0.000049 0.005052
249 2.480001 0.000014 0.002189
250 2.490001 0.000002 0.000542
251 2.500001 0.000000 0.000014
