# Tabulated potential for water-free Farago 3-bead lipid model

HEAD_HEAD
N 251 R 0.000001 2.500000

1 0.000001 0.000000 0.000000
2 0.010001 2350998532124509003055104.000000 2820920602091430777590906880.000000
3 0.020001 574318713030831898624.000000 344574543320630276653056.000000
4 0.030001 4427358741657957888.000000 1770887264355350740992.000000
5 0.040001 140256598320601664.000000 42075994098390745088.000000
6 0.050001 9638938288567594.000000 2313302586941648896.000000
7 0.060001 1081114298097409.250000 216219600294132768.000000
8 0.070001 170028814322555.468750 29147427351099904.000000
9 0.080001 34247465224426.718750 5137064063676355.000000
10 0.090001 8333075873116.630859 1111066359321438.875000
11 0.100001 2353537513754.903320 282422203185628.437500
12 0.110001 749917436693.733276 81808601308121.671875
13 0.120001 263969877821.667297 26396831745522.949219
14 0.130001 101021075005.929199 9324978009092.070312
15 0.140001 41514325495.473656 3558358522062.251953
16 0.150001 18140148612.243397 1451209171853.115234
17 0.160001 8361746717.587396 627131044396.852905
18 0.170001 4039706891.931821 285156496291.572937
19 0.180001 2034539532.025418 135636731581.200058
20 0.190001 1063386912.874794 67161923114.185585
21 0.200001 574608160.645892 34476994493.911568
22 0.210001 319960307.422888 18283830552.523026
23 0.220001 183083763.170901 9986677047.757355
24 0.230001 107394119.492595 5603390065.750456
25 0.240001 64442149.592816 3222272948.471743
26 0.250001 39483230.604260 1895321085.978244
27 0.260001 24660253.067599 1138262193.913519
28 0.270001 15678121.617677 696880129.721725
29 0.280001 10133053.807571 434331946.099160
30 0.290001 6650184.592720 275225746.935157
31 0.300001 4427130.412994 177121352.367843
32 0.310001 2986749.067654 115644873.412425
33 0.320001 2040300.679710 76534354.116658
34 0.330001 1410177.329173 51297802.280104
35 0.340001 985444.855253 34795533.080291
36 0.350001 695810.929711 23868730.782080
37 0.360001 496129.589159 16547802.315761
38 0.370001 357033.856354 11587857.319327
39 0.380001 259189.877067 8191898.905781
40 0.390001 189723.710686 5843452.654343
41 0.400001 139970.205778 4203964.738505
42 0.410001 104037.257110 3049080.461478
43 0.420001 77879.376856 2228578.181589
44 0.430001 58693.260746 1640880.115242
45 0.440001 44519.268867 1216655.055026
46 0.450001 33976.030443 908157.557768
47 0.460001 26082.010682 682226.391918
48 0.470001 20134.449284 515641.715162
49 0.480001 15626.507716 392017.903927
50 0.490001 12190.093452 299705.736776
51 0.500001 9556.088997 230364.076503
52 0.510001 7526.476301 177979.515775
53 0.520001 5954.655653 138188.271107
54 0.530001 4731.452597 107803.649296
55 0.540001 3775.101880 84484.412247
56 0.550001 3024.031660 66500.429041
57 0.560001 2431.632679 52565.981593
58 0.570001 1962.443638 41720.439262
59 0.580001 1589.353270 33242.318763
60 0.590001 1291.536710 26587.023430
61 0.600001 1052.925294 21341.480684
62 0.610001 861.066002 17190.909819
63 0.620001 706.267090 13894.347239
64 0.630001 580.955008 11266.528984
65 0.640001 479.188077 9164.412807
66 0.650001 396.287069 7477.103647
67 0.660001 328.553349 6118.288160
68 0.670001 273.052925 5020.527921
69 0.680001 227.450303 4130.935924
70 0.690001 189.880163 3407.887271
71 0.700001 158.847864 2818.506439
72 0.710001 133.152002 2336.740166
73 0.720001 111.823934 1941.873777
74 0.730001 94.080365 1617.384652
75 0.740001 79.286059 1350.053006
76 0.750001 66.924418 1129.269795
77 0.760001 56.574185 946.496209
78 0.770001 47.890946 794.840139
79 0.780001 40.592395 668.723232
80 0.790001 34.446558 563.618319
81 0.800001 29.262362 475.841726
82 0.810001 24.882056 402.388486
83 0.820001 21.175102 340.801222
84 0.830001 18.033245 289.065518
85 0.840001 15.366513 245.526199
86 0.850001 13.099978 208.820162
87 0.860001 11.171112 177.822342
88 0.870001 9.527630 151.602133
89 0.880001 8.125735 129.388155
90 0.890001 6.928666 110.539698
91 0.900001 5.905514 94.523523
92 0.910001 5.030248 80.894973
93 0.920001 4.280904 69.282551
94 0.930001 3.638922 59.375313
95 0.940001 3.088590 50.912528
96 0.950001 2.616592 43.675188
97 0.960001 2.211621 37.479016
98 0.970001 1.864064 32.168701
99 0.980001 1.565735 27.613134
100 0.990001 1.309658 23.701463
101 1.000001 1.089875 20.339819
102 1.010001 0.901296 17.448596
103 1.020001 0.739562 14.960185
104 1.030001 0.600943 12.817086
105 1.040001 0.482234 10.970332
106 1.050001 0.380689 9.378162
107 1.060001 0.293942 8.004920
108 1.070001 0.219963 6.820121
109 1.080001 0.157000 5.797671
110 1.090001 0.103544 4.915208
111 1.100001 0.058293 4.153546
112 1.110001 0.020126 3.496207
113 1.120001 -0.011931 2.929022
114 1.130001 -0.038714 2.439797
115 1.140001 -0.060951 2.018027
116 1.150001 -0.079269 1.654650
117 1.160001 -0.094212 1.341848
118 1.170001 -0.106252 1.072864
119 1.180001 -0.115796 0.841859
120 1.190001 -0.123199 0.643778
121 1.200001 -0.128767 0.474245
122 1.210001 -0.132766 0.329467
123 1.220001 -0.135427 0.206157
124 1.230001 -0.136951 0.101461
125 1.240001 -0.137510 0.012902
126 1.250001 -0.137256 -0.061671
127 1.260001 -0.136317 -0.124129
128 1.270001 -0.134808 -0.176097
129 1.280001 -0.132825 -0.218989
130 1.290001 -0.130454 -0.254036
131 1.300001 -0.127767 -0.282307
132 1.310001 -0.124827 -0.304734
133 1.320001 -0.121689 -0.322129
134 1.330001 -0.118399 -0.335199
135 1.340001 -0.114998 -0.344558
136 1.350001 -0.111519 -0.350741
137 1.360001 -0.107992 -0.354215
138 1.370001 -0.104442 -0.355385
139 1.380001 -0.100890 -0.354604
140 1.390001 -0.097355 -0.352178
141 1.400001 -0.093851 -0.348375
142 1.410001 -0.090392 -0.343426
143 1.420001 -0.086986 -0.337531
144 1.430001 -0.083644 -0.330864
145 1.440001 -0.080371 -0.323578
146 1.450001 -0.077174 -0.315800
147 1.460001 -0.074056 -0.307645
148 1.470001 -0.071022 -0.299210
149 1.480001 -0.068073 -0.290576
150 1.490001 -0.065210 -0.281816
151 1.500001 -0.062436 -0.272991
152 1.510001 -0.059751 -0.264153
153 1.520001 -0.057153 -0.255345
154 1.530001 -0.054644 -0.246605
155 1.540001 -0.052221 -0.237964
156 1.550001 -0.049884 -0.229448
157 1.560001 -0.047631 -0.221078
158 1.570001 -0.045462 -0.212872
159 1.580001 -0.043373 -0.204844
160 1.590001 -0.041364 -0.197004
161 1.600001 -0.039433 -0.189362
162 1.610001 -0.037576 -0.181924
163 1.620001 -0.035793 -0.174693
164 1.630001 -0.034082 -0.167674
165 1.640001 -0.032439 -0.160866
166 1.650001 -0.030864 -0.154270
167 1.660001 -0.029353 -0.147886
168 1.670001 -0.027905 -0.141712
169 1.680001 -0.026518 -0.135745
170 1.690001 -0.025190 -0.129982
171 1.700001 -0.023918 -0.124420
172 1.710001 -0.022701 -0.119055
173 1.720001 -0.021536 -0.113882
174 1.730001 -0.020422 -0.108897
175 1.740001 -0.019358 -0.104096
176 1.750001 -0.018340 -0.099474
177 1.760001 -0.017368 -0.095025
178 1.770001 -0.016439 -0.090745
179 1.780001 -0.015552 -0.086629
180 1.790001 -0.014706 -0.082671
181 1.800001 -0.013898 -0.078868
182 1.810001 -0.013128 -0.075213
183 1.820001 -0.012393 -0.071702
184 1.830001 -0.011693 -0.068331
185 1.840001 -0.011026 -0.065094
186 1.850001 -0.010391 -0.061987
187 1.860001 -0.009786 -0.059005
188 1.870001 -0.009211 -0.056144
189 1.880001 -0.008663 -0.053400
190 1.890001 -0.008142 -0.050768
191 1.900001 -0.007647 -0.048245
192 1.910001 -0.007177 -0.045826
193 1.920001 -0.006730 -0.043508
194 1.930001 -0.006306 -0.041287
195 1.940001 -0.005904 -0.039159
196 1.950001 -0.005523 -0.037122
197 1.960001 -0.005162 -0.035170
198 1.970001 -0.004819 -0.033303
199 1.980001 -0.004495 -0.031515
200 1.990001 -0.004189 -0.029805
201 2.000001 -0.003899 -0.028168
202 2.010001 -0.003625 -0.026604
203 2.020001 -0.003367 -0.025108
204 2.030001 -0.003123 -0.023679
205 2.040001 -0.002893 -0.022313
206 2.050001 -0.002676 -0.021008
207 2.060001 -0.002472 -0.019763
208 2.070001 -0.002281 -0.018574
209 2.080001 -0.002101 -0.017440
210 2.090001 -0.001932 -0.016358
211 2.100001 -0.001773 -0.015327
212 2.110001 -0.001625 -0.014345
213 2.120001 -0.001486 -0.013410
214 2.130001 -0.001357 -0.012519
215 2.140001 -0.001236 -0.011672
216 2.150001 -0.001123 -0.010867
217 2.160001 -0.001018 -0.010102
218 2.170001 -0.000921 -0.009375
219 2.180001 -0.000831 -0.008686
220 2.190001 -0.000747 -0.008033
221 2.200001 -0.000670 -0.007414
222 2.210001 -0.000599 -0.006828
223 2.220001 -0.000533 -0.006275
224 2.230001 -0.000473 -0.005752
225 2.240001 -0.000418 -0.005259
226 2.250001 -0.000368 -0.004794
227 2.260001 -0.000322 -0.004357
228 2.270001 -0.000281 -0.003946
229 2.280001 -0.000243 -0.003561
230 2.290001 -0.000209 -0.003201
231 2.300001 -0.000179 -0.002864
232 2.310001 -0.000152 -0.002551
233 2.320001 -0.000128 -0.002259
234 2.330001 -0.000107 -0.001988
235 2.340001 -0.000088 -0.001738
236 2.350001 -0.000072 -0.001508
237 2.360001 -0.000058 -0.001297
238 2.370001 -0.000046 -0.001104
239 2.380001 -0.000036 -0.000929
240 2.390001 -0.000027 -0.000771
241 2.400001 -0.000020 -0.000629
242 2.410001 -0.000015 -0.000503
243 2.420001 -0.000010 -0.000393
244 2.430001 -0.000007 -0.000297
245 2.440001 -0.000004 -0.000216
246 2.450001 -0.000002 -0.000148
247 2.460001 -0.000001 -0.000094
248 2.470001 -0.000001 -0.000052
249 2.480001 -0.000000 -0.000023
250 2.490001 -0.000000 -0.000006
251 2.500001 0.000000 -0.000000


TAIL1_TAIL1
N 251 R 0.000001 2.500000

1 0.000001 0.000000 0.000000
2 0.010001 12555918889808378766295040.000000 15065602960665364064045629440.000000
3 0.020001 3067249544862656102400.000000 1840258551106579210436608.000000
4 0.030001 23645083775850246144.000000 9457722557427202654208.000000
5 0.040001 749064896000461312.000000 224713953507149414400.000000
6 0.050001 51478435795559344.000000 12354583190826942464.000000
7 0.060001 5773879965014601.000000 1154757292395369728.000000
8 0.070001 908068604357850.875000 155666757432293280.000000
9 0.080001 182904569771357.875000 27435357686330612.000000
10 0.090001 44504244996123.242188 5933837276973238.000000
11 0.100001 12569476480784.539062 1508323343326242.250000
12 0.110001 4005063954209.818359 436912583338678.875000
13 0.120001 1409776540164.006592 140976700404047.718750
14 0.130001 539520248038.924316 49801598306270.046875
15 0.140001 221714213444.457764 19004001730371.914062
16 0.150001 96880436112.930954 7750419685177.863281
17 0.160001 44657234783.095657 3349294165649.484375
18 0.170001 21574666620.223454 1522923094045.516846
19 0.180001 10865747076.220743 724388636587.749756
20 0.190001 5679155251.529346 358688061289.332764
21 0.200001 3068759693.830680 184129141740.484039
22 0.210001 1708777350.807865 97647124336.016205
23 0.220001 977770711.821846 53334986089.700974
24 0.230001 573541647.581138 29925448526.682301
25 0.240001 344152617.248358 17208794087.555676
26 0.250001 210857741.751546 10122057813.961536
27 0.260001 131694999.613759 6078910844.264225
28 0.270001 83725854.076951 3721674999.255105
29 0.280001 54112605.555655 2319521529.837524
30 0.290001 35512633.414455 1469810124.605170
31 0.300001 23640730.644107 945883821.892826
32 0.310001 15948681.820953 617571156.751716
33 0.320001 10894455.144759 408704750.939501
34 0.330001 7529529.878758 273932414.025646
35 0.340001 5261461.912312 185805323.445718
36 0.350001 3714857.362914 127453683.100056
37 0.360001 2648617.507846 88358841.081797
38 0.370001 1905911.517609 61872469.849643
39 0.380001 1383490.294556 43738239.230588
40 0.390001 1012603.583528 31197957.204872
41 0.400001 746977.789650 22443617.335393
42 0.410001 555148.397337 16277090.847964
43 0.420001 415512.407796 11896152.371141
44 0.430001 313100.400450 8758354.554658
45 0.440001 237448.283070 6493458.583512
46 0.450001 181179.988032 4846500.539239
47 0.460001 139054.585284 3640400.109717
48 0.470001 107319.783975 2751166.093142
49 0.480001 83269.483432 2091303.009761
50 0.490001 64938.447856 1598608.112852
51 0.500001 50889.927672 1228543.800124
52 0.510001 40066.805054 949002.320540
53 0.520001 31686.499561 736684.590449
54 0.530001 25166.248418 574576.828037
55 0.540001 20069.624378 450179.620687
56 0.550001 16068.006868 354256.525667
57 0.560001 12912.652651 279943.950603
58 0.570001 10414.328660 222113.988010
59 0.580001 8428.373723 176915.527613
60 0.590001 6843.681120 141441.814946
61 0.600001 5574.529311 113488.243829
62 0.610001 4554.493158 91374.921879
63 0.620001 3731.883124 73815.997860
64 0.630001 3066.312504 59822.934139
65 0.640001 2526.101630 48632.551738
66 0.650001 2086.306122 39653.247195
67 0.660001 1727.212618 32424.605735
68 0.670001 1433.186297 26586.937900
69 0.680001 1191.784303 21858.201465
70 0.690001 993.071027 18016.444556
71 0.700001 829.087244 14886.394517
72 0.710001 693.436996 12329.172998
73 0.720001 580.964951 10234.378192
74 0.730001 487.503533 8513.966645
75 0.740001 409.674062 7097.508502
76 0.750001 344.729838 5928.494907
77 0.760001 290.431949 4961.454400
78 0.770001 244.950642 4159.693590
79 0.780001 206.786778 3493.521208
80 0.790001 174.709088 2938.847742
81 0.800001 147.703909 2476.077829
82 0.810001 124.934802 2089.231593
83 0.820001 105.710026 1765.245580
84 0.830001 89.456269 1493.415007
85 0.840001 75.697371 1264.947531
86 0.850001 64.037056 1072.605284
87 0.860001 54.144879 910.416961
88 0.870001 45.744764 773.445658
89 0.880001 38.605629 657.601204
90 0.890001 32.533707 559.488091
91 0.900001 27.366237 476.281950
92 0.910001 22.966273 405.628994
93 0.920001 19.218405 345.563964
94 0.930001 16.025214 294.443032
95 0.940001 13.304350 250.888812
96 0.950001 10.986093 213.745200
97 0.960001 9.011337 182.040218
98 0.970001 7.329905 154.955371
99 0.980001 5.899145 131.800330
100 0.990001 4.682755 111.991980
101 1.000001 3.649804 95.037046
102 1.010001 2.773905 80.517649
103 1.020001 2.032522 68.079297
104 1.030001 1.406392 57.420868
105 1.040001 0.879031 48.286238
106 1.050001 0.436320 40.457290
107 1.060001 0.066157 33.748046
108 1.070001 -0.241841 27.999746
109 1.080001 -0.496586 23.076717
110 1.090001 -0.705737 18.862885
111 1.100001 -0.875874 15.258846
112 1.110001 -1.012660 12.179384
113 1.120001 -1.120965 9.551379
114 1.130001 -1.204982 7.312035
115 1.140001 -1.268320 5.407370
116 1.150001 -1.314089 3.790950
117 1.160001 -1.344966 2.422797
118 1.170001 -1.363257 1.268470
119 1.180001 -1.370948 0.298276
120 1.190001 -1.369750 -0.513397
121 1.200001 -1.361135 -1.188655
122 1.210001 -1.346368 -1.746586
123 1.220001 -1.326539 -2.203681
124 1.230001 -1.302582 -2.574192
125 1.240001 -1.275302 -2.870440
126 1.250001 -1.245385 -3.103076
127 1.260001 -1.213421 -3.281316
128 1.270001 -1.179913 -3.413126
129 1.280001 -1.145290 -3.505401
130 1.290001 -1.109917 -3.564100
131 1.300001 -1.074103 -3.594378
132 1.310001 -1.038109 -3.600690
133 1.320001 -1.002156 -3.586887
134 1.330001 -0.966427 -3.556293
135 1.340001 -0.931077 -3.511779
136 1.350001 -0.896230 -3.455819
137 1.360001 -0.861991 -3.390545
138 1.370001 -0.828444 -3.317792
139 1.380001 -0.795655 -3.239135
140 1.390001 -0.763676 -3.155928
141 1.400001 -0.732548 -3.069326
142 1.410001 -0.702298 -2.980320
143 1.420001 -0.672946 -2.889750
144 1.430001 -0.644505 -2.798332
145 1.440001 -0.616980 -2.706672
146 1.450001 -0.590371 -2.615277
147 1.460001 -0.564673 -2.524575
148 1.470001 -0.539876 -2.434920
149 1.480001 -0.515970 -2.346605
150 1.490001 -0.492939 -2.259870
151 1.500001 -0.470766 -2.174907
152 1.510001 -0.449434 -2.091871
153 1.520001 -0.428922 -2.010880
154 1.530001 -0.409209 -1.932024
155 1.540001 -0.390274 -1.855369
156 1.550001 -0.372094 -1.780957
157 1.560001 -0.354647 -1.708813
158 1.570001 -0.337911 -1.638947
159 1.580001 -0.321861 -1.571356
160 1.590001 -0.306476 -1.506024
161 1.600001 -0.291733 -1.442928
162 1.610001 -0.277610 -1.382038
163 1.620001 -0.264085 -1.323314
164 1.630001 -0.251137 -1.266715
165 1.640001 -0.238744 -1.212194
166 1.650001 -0.226886 -1.159701
167 1.660001 -0.215543 -1.109184
168 1.670001 -0.204696 -1.060589
169 1.680001 -0.194325 -1.013862
170 1.690001 -0.184413 -0.968945
171 1.700001 -0.174940 -0.925783
172 1.710001 -0.165891 -0.884320
173 1.720001 -0.157248 -0.844500
174 1.730001 -0.148996 -0.806267
175 1.740001 -0.141118 -0.769567
176 1.750001 -0.133600 -0.734347
177 1.760001 -0.126426 -0.700553
178 1.770001 -0.119584 -0.668134
179 1.780001 -0.113059 -0.637041
180 1.790001 -0.106839 -0.607223
181 1.800001 -0.100911 -0.578634
182 1.810001 -0.095262 -0.551227
183 1.820001 -0.089882 -0.524957
184 1.830001 -0.084760 -0.499781
185 1.840001 -0.079883 -0.475657
186 1.850001 -0.075243 -0.452544
187 1.860001 -0.070829 -0.430404
188 1.870001 -0.066632 -0.409197
189 1.880001 -0.062642 -0.388889
190 1.890001 -0.058851 -0.369442
191 1.900001 -0.055251 -0.350825
192 1.910001 -0.051832 -0.333003
193 1.920001 -0.048588 -0.315946
194 1.930001 -0.045511 -0.299623
195 1.940001 -0.042593 -0.284006
196 1.950001 -0.039828 -0.269067
197 1.960001 -0.037210 -0.254778
198 1.970001 -0.034731 -0.241114
199 1.980001 -0.032385 -0.228050
200 1.990001 -0.030168 -0.215563
201 2.000001 -0.028072 -0.203630
202 2.010001 -0.026093 -0.192229
203 2.020001 -0.024226 -0.181338
204 2.030001 -0.022465 -0.170938
205 2.040001 -0.020806 -0.161010
206 2.050001 -0.019243 -0.151535
207 2.060001 -0.017773 -0.142495
208 2.070001 -0.016392 -0.133873
209 2.080001 -0.015095 -0.125652
210 2.090001 -0.013878 -0.117818
211 2.100001 -0.012737 -0.110355
212 2.110001 -0.011669 -0.103248
213 2.120001 -0.010671 -0.096484
214 2.130001 -0.009739 -0.090049
215 2.140001 -0.008869 -0.083931
216 2.150001 -0.008059 -0.078118
217 2.160001 -0.007306 -0.072598
218 2.170001 -0.006606 -0.067359
219 2.180001 -0.005958 -0.062390
220 2.190001 -0.005357 -0.057683
221 2.200001 -0.004803 -0.053226
222 2.210001 -0.004292 -0.049010
223 2.220001 -0.003822 -0.045026
224 2.230001 -0.003391 -0.041265
225 2.240001 -0.002996 -0.037719
226 2.250001 -0.002636 -0.034379
227 2.260001 -0.002308 -0.031239
228 2.270001 -0.002010 -0.028290
229 2.280001 -0.001741 -0.025525
230 2.290001 -0.001499 -0.022938
231 2.300001 -0.001282 -0.020522
232 2.310001 -0.001088 -0.018271
233 2.320001 -0.000916 -0.016179
234 2.330001 -0.000764 -0.014239
235 2.340001 -0.000631 -0.012447
236 2.350001 -0.000515 -0.010796
237 2.360001 -0.000415 -0.009283
238 2.370001 -0.000329 -0.007901
239 2.380001 -0.000256 -0.006646
240 2.390001 -0.000195 -0.005513
241 2.400001 -0.000145 -0.004499
242 2.410001 -0.000105 -0.003599
243 2.420001 -0.000073 -0.002808
244 2.430001 -0.000049 -0.002124
245 2.440001 -0.000030 -0.001541
246 2.450001 -0.000017 -0.001057
247 2.460001 -0.000009 -0.000669
248 2.470001 -0.000004 -0.000372
249 2.480001 -0.000001 -0.000163
250 2.490001 -0.000000 -0.000041
251 2.500001 0.000000 -0.000000


TAIL2_TAIL2
N 251 R 0.000001 2.500000

1 0.000001 0.000000 0.000000
2 0.010001 36219822643568933931052152389632.000000 50731772167497428392556396793561088.000000
3 0.020001 2194498568108244358693650432.000000 1537841767238527583962443808768.000000
4 0.030001 7458474492854868983676928.000000 3486543714637972816766435328.000000
5 0.040001 131836395058736517873664.000000 46248746149531586861727744.000000
6 0.050001 5751595504434652643328.000000 1615108464222766106673152.000000
7 0.060001 444344372464871014400.000000 104042725357157844254720.000000
8 0.070001 50922913577245720576.000000 10226333317379552968704.000000
9 0.080001 7788547526081880064.000000 1369412821633531117568.000000
10 0.090001 1485027872737103360.000000 232233559960169054208.000000
11 0.100001 336919956757150464.000000 47448938223953313792.000000
12 0.110001 87985281151486064.000000 11271609618216992768.000000
13 0.120001 25806856597268636.000000 3032447602433103872.000000
14 0.130001 8344775884035700.000000 905698544211705856.000000
15 0.140001 2931988674732127.500000 295679763441102016.000000
16 0.150001 1106609547170505.500000 104223980863130752.000000
17 0.160001 444522267277435.125000 39275108518840568.000000
18 0.170001 188613809603319.906250 15694591724928516.000000
19 0.180001 84006356573009.937500 6606158770353753.000000
20 0.190001 39068721588326.195312 2912535535417016.000000
21 0.200001 18888411459915.921875 1338596770669199.000000
22 0.210001 9457234578629.787109 638734542120152.750000
23 0.220001 4887858066308.247070 315329952180112.125000
24 0.230001 2600344565759.607910 160571636361671.343750
25 0.240001 1420463485893.056152 84117007947702.093750
26 0.250001 795016694889.514282 45227575305355.968750
27 0.260001 455030100884.121887 24908002987470.976562
28 0.270001 265880370199.399353 14024998246655.927734
29 0.280001 158365090511.813293 8061078494726.116211
30 0.290001 96022575313.482071 4722608049217.553711
31 0.300001 59197207362.050751 2816468543424.865234
32 0.310001 37065346496.685059 1707864639168.512695
33 0.320001 23547459089.992764 1051882495131.235107
34 0.330001 15164878724.097019 657398021951.946411
35 0.340001 9892301772.642057 416539753940.440918
36 0.350001 6531226171.556411 267364635248.587830
37 0.360001 4361479106.145722 173721174618.584991
38 0.370001 2944026069.013955 114185451600.021957
39 0.380001 2007553288.778694 75876840723.751022
40 0.390001 1382223695.594248 50944845903.506958
41 0.400001 960419841.038668 34542571106.886055
42 0.410001 673157832.441994 23640692867.730591
43 0.420001 475730870.927784 16323747574.125034
44 0.430001 338862053.046308 11367120893.923216
45 0.440001 243187865.663678 7979604632.134429
46 0.450001 175779821.392538 5644861690.724396
47 0.460001 127927745.805065 4022697892.342493
48 0.470001 93712680.864115 2886917331.653670
49 0.480001 69079184.561145 2085803619.362851
50 0.490001 51226654.434332 1516742680.243679
51 0.500001 38206410.386011 1109773662.719790
52 0.510001 28652706.885240 816831074.229982
53 0.520001 21601689.007179 604648426.695640
54 0.530001 16368584.449651 450038493.374494
55 0.540001 12463771.990007 336729333.855210
56 0.550001 9535004.791657 253227092.765631
57 0.560001 7327361.641126 191361782.631800
58 0.570001 5655300.844486 145290811.276141
59 0.580001 4383033.758706 110811531.815493
60 0.590001 3410655.618267 84883878.305582
61 0.600001 2664286.132040 65296792.595146
62 0.610001 2089020.095500 50433710.334976
63 0.620001 1643859.040187 39106719.840740
64 0.630001 1298047.580158 30438618.211461
65 0.640001 1028411.358675 23778570.811058
66 0.650001 817413.033539 18641479.972080
67 0.660001 651725.710217 14664174.019328
68 0.670001 521181.156277 11573592.869750
69 0.680001 417990.795922 9163573.936540
70 0.690001 336166.186976 7277834.361016
71 0.700001 271086.049562 5797439.177807
72 0.710001 219171.440863 4631532.395625
73 0.720001 177641.080488 3710452.224701
74 0.730001 144326.327675 2980596.055502
75 0.740001 117530.735261 2400575.113043
76 0.750001 95923.047093 1938323.647252
77 0.760001 78455.382758 1568917.474022
78 0.770001 64300.462647 1272921.737899
79 0.780001 52803.278942 1035135.021487
80 0.790001 43443.765507 843631.394918
81 0.800001 35807.871026 689027.244137
82 0.810001 29565.073780 563918.280860
83 0.820001 24450.850507 462445.841483
84 0.830001 20252.967376 379961.737277
85 0.840001 16800.728911 312768.471138
86 0.850001 13956.522970 257917.273833
87 0.860001 11609.153238 213050.635643
88 0.870001 9668.567323 176279.183298
89 0.880001 8061.677502 146085.145730
90 0.890001 6729.039271 121246.463121
91 0.900001 5622.205110 100776.968214
92 0.910001 4701.611129 83879.115348
93 0.920001 3934.885318 69906.531799
94 0.930001 3295.490193 58334.278081
95 0.940001 2761.631305 48735.174021
96 0.950001 2315.377626 40760.909579
97 0.960001 1941.951175 34126.939111
98 0.970001 1629.152126 28600.374462
99 0.980001 1366.892620 23990.260504
100 0.990001 1146.817984 20139.747755
101 1.000001 961.998360 16919.778939
102 1.010001 806.677203 14223.986367
103 1.020001 676.065761 11964.559776
104 1.030001 566.174852 10068.893582
105 1.040001 473.676910 8476.861401
106 1.050001 395.792668 7138.596392
107 1.060001 330.197924 6012.680277
108 1.070001 274.946703 5064.663204
109 1.080001 228.407834 4265.851907
110 1.090001 189.212517 3592.315875
111 1.100001 156.210908 3024.070956
112 1.110001 128.436127 2544.407647
113 1.120001 105.074362 2139.337554
114 1.130001 85.440021 1797.136527
115 1.140001 68.955034 1507.967034
116 1.150001 55.131599 1263.565558
117 1.160001 43.557780 1056.983455
118 1.170001 33.885464 882.371835
119 1.180001 25.820287 734.802731
120 1.190001 19.113192 610.120254
121 1.200001 13.553346 504.816525
122 1.210001 8.962194 415.928145
123 1.220001 5.188459 340.949685
124 1.230001 2.103936 277.761316
125 1.240001 -0.400054 224.568197
126 1.250001 -2.415651 179.849651
127 1.260001 -4.020977 142.316498
128 1.270001 -5.282269 110.875203
129 1.280001 -6.255678 84.597718
130 1.290001 -6.988796 62.696078
131 1.300001 -7.521944 44.500996
132 1.310001 -7.889266 29.443800
133 1.320001 -8.119660 17.041172
134 1.330001 -8.237562 6.882258
135 1.340001 -8.263614 -1.382243
136 1.350001 -8.215237 -8.049317
137 1.360001 -8.107107 -13.371464
138 1.370001 -7.951571 -17.563335
139 1.380001 -7.758996 -20.807368
140 1.390001 -7.538064 -23.258570
141 1.400001 -7.296027 -25.048588
142 1.410001 -7.038922 -26.289166
143 1.420001 -6.771757 -27.075085
144 1.430001 -6.498667 -27.486674
145 1.440001 -6.223044 -27.591939
146 1.450001 -5.947656 -27.448386
147 1.460001 -5.674743 -27.104571
148 1.470001 -5.406095 -26.601421
149 1.480001 -5.143130 -25.973367
150 1.490001 -4.886947 -25.249304
151 1.500001 -4.638383 -24.453417
152 1.510001 -4.398051 -23.605881
153 1.520001 -4.166381 -22.723463
154 1.530001 -3.943651 -21.820033
155 1.540001 -3.730012 -20.907005
156 1.550001 -3.525512 -19.993708
157 1.560001 -3.330114 -19.087708
158 1.570001 -3.143713 -18.195078
159 1.580001 -2.966151 -17.320634
160 1.590001 -2.797227 -16.468135
161 1.600001 -2.636706 -15.640446
162 1.610001 -2.484328 -14.839693
163 1.620001 -2.339817 -14.067376
164 1.630001 -2.202883 -13.324481
165 1.640001 -2.073228 -12.611567
166 1.650001 -1.950551 -11.928841
167 1.660001 -1.834551 -11.276224
168 1.670001 -1.724927 -10.653406
169 1.680001 -1.621385 -10.059890
170 1.690001 -1.523634 -9.495032
171 1.700001 -1.431391 -8.958075
172 1.710001 -1.344382 -8.448175
173 1.720001 -1.262340 -7.964426
174 1.730001 -1.185009 -7.505876
175 1.740001 -1.112142 -7.071547
176 1.750001 -1.043501 -6.660445
177 1.760001 -0.978859 -6.271574
178 1.770001 -0.917999 -5.903941
179 1.780001 -0.860713 -5.556566
180 1.790001 -0.806803 -5.228487
181 1.800001 -0.756082 -4.918765
182 1.810001 -0.708370 -4.626486
183 1.820001 -0.663497 -4.350765
184 1.830001 -0.621302 -4.090748
185 1.840001 -0.581632 -3.845613
186 1.850001 -0.544343 -3.614568
187 1.860001 -0.509297 -3.396856
188 1.870001 -0.476364 -3.191754
189 1.880001 -0.445422 -2.998569
190 1.890001 -0.416355 -2.816643
191 1.900001 -0.389054 -2.645346
192 1.910001 -0.363414 -2.484083
193 1.920001 -0.339340 -2.332285
194 1.930001 -0.316739 -2.189416
195 1.940001 -0.295524 -2.054965
196 1.950001 -0.275613 -1.928449
197 1.960001 -0.256930 -1.809410
198 1.970001 -0.239402 -1.697415
199 1.980001 -0.222960 -1.592056
200 1.990001 -0.207540 -1.492947
201 2.000001 -0.193081 -1.399722
202 2.010001 -0.179527 -1.312036
203 2.020001 -0.166823 -1.229565
204 2.030001 -0.154919 -1.152002
205 2.040001 -0.143768 -1.079057
206 2.050001 -0.133323 -1.010459
207 2.060001 -0.123545 -0.945950
208 2.070001 -0.114392 -0.885289
209 2.080001 -0.105827 -0.828248
210 2.090001 -0.097815 -0.774611
211 2.100001 -0.090324 -0.724177
212 2.110001 -0.083322 -0.676756
213 2.120001 -0.076779 -0.632169
214 2.130001 -0.070669 -0.590247
215 2.140001 -0.064966 -0.550831
216 2.150001 -0.059645 -0.513773
217 2.160001 -0.054683 -0.478931
218 2.170001 -0.050059 -0.446175
219 2.180001 -0.045753 -0.415379
220 2.190001 -0.041746 -0.386427
221 2.200001 -0.038019 -0.359210
222 2.210001 -0.034556 -0.333622
223 2.220001 -0.031341 -0.309569
224 2.230001 -0.028360 -0.286957
225 2.240001 -0.025598 -0.265701
226 2.250001 -0.023042 -0.245721
227 2.260001 -0.020679 -0.226939
228 2.270001 -0.018499 -0.209286
229 2.280001 -0.016490 -0.192692
230 2.290001 -0.014642 -0.177096
231 2.300001 -0.012945 -0.162438
232 2.310001 -0.011390 -0.148661
233 2.320001 -0.009969 -0.135714
234 2.330001 -0.008673 -0.123546
235 2.340001 -0.007496 -0.112112
236 2.350001 -0.006429 -0.101368
237 2.360001 -0.005466 -0.091271
238 2.370001 -0.004601 -0.081785
239 2.380001 -0.003829 -0.072872
240 2.390001 -0.003142 -0.064498
241 2.400001 -0.002537 -0.056631
242 2.410001 -0.002008 -0.049241
243 2.420001 -0.001551 -0.042299
244 2.430001 -0.001161 -0.035778
245 2.440001 -0.000834 -0.029654
246 2.450001 -0.000566 -0.023903
247 2.460001 -0.000354 -0.018502
248 2.470001 -0.000195 -0.013430
249 2.480001 -0.000085 -0.008668
250 2.490001 -0.000021 -0.004197
251 2.500001 -0.000000 0.000000


TAIL1_TAIL2
N 251 R 0.000001 2.500000

1 0.000001 0.000000 0.000000
2 0.010001 4055176.945275 818753586.757570
3 0.020001 994487.939212 101375344.587338
4 0.030001 433465.571888 29747021.311199
5 0.040001 239068.576889 12426815.507923
6 0.050001 149988.511174 6299641.379197
7 0.060001 102084.694095 3609216.748850
8 0.070001 73492.043887 2249927.329135
9 0.080001 55123.399823 1491912.119177
10 0.090001 42659.398599 1037027.827536
11 0.100001 33836.505492 748128.400602
12 0.110001 27376.977692 556171.846893
13 0.120001 22515.980784 423844.092207
14 0.130001 18773.431280 329787.108913
15 0.140001 15835.911710 261182.236604
16 0.150001 13491.937847 210023.165787
17 0.160001 11594.727120 171136.452574
18 0.170001 10039.893846 141079.682294
19 0.180001 8751.610354 117502.938565
20 0.190001 7673.755146 98765.582593
21 0.200001 6764.097528 83699.088238
22 0.210001 5990.385636 71456.226273
23 0.220001 5327.658763 61412.809890
24 0.230001 4756.365557 53102.278748
25 0.240001 4261.023780 46171.285265
26 0.250001 3829.250851 40349.000184
27 0.260001 3451.052658 35425.553752
28 0.270001 3118.295034 31236.667798
29 0.280001 2824.306306 27652.551055
30 0.290001 2563.575122 24569.773944
31 0.300001 2331.518383 21905.254184
32 0.310001 2124.301336 19591.756796
33 0.320001 1938.696887 17574.493392
34 0.330001 1771.974675 15808.528181
35 0.340001 1621.812956 14256.782021
36 0.350001 1486.228103 12888.484066
37 0.360001 1363.517815 11677.961421
38 0.370001 1252.215092 10603.686173
39 0.380001 1151.050703 9647.519972
40 0.390001 1058.922422 8794.111360
41 0.400001 974.869657 8030.412045
42 0.410001 898.052445 7345.286423
43 0.420001 827.733963 6729.194642
44 0.430001 763.265906 6173.934039
45 0.440001 704.076209 5672.427151
46 0.450001 649.658696 5218.547115
47 0.460001 599.564322 4806.973196
48 0.470001 553.393725 4433.070763
49 0.480001 510.790886 4092.791150
50 0.490001 471.437696 3782.587791
51 0.500001 435.049301 3499.345729
52 0.510001 401.370089 3240.322143
53 0.520001 370.170231 3003.096007
54 0.530001 341.242677 2785.525340
55 0.540001 314.400560 2585.710783
56 0.550001 289.474921 2401.964480
57 0.560001 266.312738 2232.783405
58 0.570001 244.775189 2076.826441
59 0.580001 224.736139 1932.894631
60 0.590001 206.080804 1799.914110
61 0.600001 188.704575 1676.921330
62 0.610001 172.511981 1563.050230
63 0.620001 157.415773 1457.521063
64 0.630001 143.336105 1359.630662
65 0.640001 130.199820 1268.743925
66 0.650001 117.939802 1184.286360
67 0.660001 106.494403 1105.737533
68 0.670001 95.806934 1032.625319
69 0.680001 85.825208 964.520824
70 0.690001 76.501130 901.033909
71 0.700001 67.790326 841.809228
72 0.710001 59.651821 786.522720
73 0.720001 52.047734 734.878494
74 0.730001 44.943014 686.606061
75 0.740001 38.305201 641.457872
76 0.750001 32.104201 599.207113
77 0.760001 26.312096 559.645750
78 0.770001 20.902960 522.582771
79 0.780001 15.852699 487.842609
80 0.790001 11.138904 455.263739
81 0.800001 6.740717 424.697404
82 0.810001 2.638706 396.006480
83 0.820001 -1.185241 369.064451
84 0.830001 -4.748022 343.754480
85 0.840001 -8.065410 319.968575
86 0.850001 -11.152140 297.606838
87 0.860001 -14.021985 276.576778
88 0.870001 -16.687828 256.792691
89 0.880001 -19.161727 238.175106
90 0.890001 -21.454972 220.650267
91 0.900001 -23.578145 204.149676
92 0.910001 -25.541167 188.609669
93 0.920001 -27.353343 173.971033
94 0.930001 -29.023408 160.178656
95 0.940001 -30.559565 147.181209
96 0.950001 -31.969522 134.930855
97 0.960001 -33.260524 123.382977
98 0.970001 -34.439384 112.495944
99 0.980001 -35.512516 102.230877
100 0.990001 -36.485954 92.551454
101 1.000001 -37.365383 83.423714
102 1.010001 -38.156161 74.815890
103 1.020001 -38.863335 66.698249
104 1.030001 -39.491667 59.042946
105 1.040001 -40.045648 51.823889
106 1.050001 -40.529517 45.016619
107 1.060001 -40.947276 38.598191
108 1.070001 -41.302705 32.547073
109 1.080001 -41.599375 26.843048
110 1.090001 -41.840660 21.467123
111 1.100001 -42.029751 16.401448
112 1.110001 -42.169667 11.629240
113 1.120001 -42.263261 7.134710
114 1.130001 -42.313237 2.902997
115 1.140001 -42.322151 -1.079889
116 1.150001 -42.292424 -4.827127
117 1.160001 -42.226352 -8.351137
118 1.170001 -42.126107 -11.663627
119 1.180001 -41.993748 -14.775639
120 1.190001 -41.831227 -17.697593
121 1.200001 -41.640397 -20.439320
122 1.210001 -41.423011 -23.010108
123 1.220001 -41.180735 -25.418726
124 1.230001 -40.915149 -27.673460
125 1.240001 -40.627752 -29.782146
126 1.250001 -40.319968 -31.752190
127 1.260001 -39.993147 -33.590599
128 1.270001 -39.648573 -35.304003
129 1.280001 -39.287463 -36.898676
130 1.290001 -38.910975 -38.380561
131 1.300001 -38.520209 -39.755285
132 1.310001 -38.116209 -41.028180
133 1.320001 -37.699968 -42.204299
134 1.330001 -37.272430 -43.288432
135 1.340001 -36.834491 -44.285121
136 1.350001 -36.387004 -45.198675
137 1.360001 -35.930781 -46.033182
138 1.370001 -35.466591 -46.792520
139 1.380001 -34.995169 -47.480374
140 1.390001 -34.517210 -48.100241
141 1.400001 -34.033379 -48.655441
142 1.410001 -33.544307 -49.149131
143 1.420001 -33.050592 -49.584308
144 1.430001 -32.552806 -49.963824
145 1.440001 -32.051492 -50.290387
146 1.450001 -31.547166 -50.566575
147 1.460001 -31.040320 -50.794837
148 1.470001 -30.531421 -50.977506
149 1.480001 -30.020914 -51.116799
150 1.490001 -29.509223 -51.214829
151 1.500001 -28.996749 -51.273604
152 1.510001 -28.483875 -51.295038
153 1.520001 -27.970966 -51.280954
154 1.530001 -27.458369 -51.233087
155 1.540001 -26.946412 -51.153090
156 1.550001 -26.435409 -51.042539
157 1.560001 -25.925658 -50.902935
158 1.570001 -25.417442 -50.735709
159 1.580001 -24.911031 -50.542225
160 1.590001 -24.406681 -50.323783
161 1.600001 -23.904634 -50.081623
162 1.610001 -23.405123 -49.816928
163 1.620001 -22.908367 -49.530826
164 1.630001 -22.414575 -49.224394
165 1.640001 -21.923944 -48.898658
166 1.650001 -21.436663 -48.554597
167 1.660001 -20.952910 -48.193147
168 1.670001 -20.472855 -47.815200
169 1.680001 -19.996658 -47.421608
170 1.690001 -19.524472 -47.013185
171 1.700001 -19.056441 -46.590706
172 1.710001 -18.592702 -46.154913
173 1.720001 -18.133385 -45.706515
174 1.730001 -17.678612 -45.246186
175 1.740001 -17.228499 -44.774574
176 1.750001 -16.783156 -44.292294
177 1.760001 -16.342686 -43.799937
178 1.770001 -15.907189 -43.298064
179 1.780001 -15.476755 -42.787214
180 1.790001 -15.051473 -42.267901
181 1.800001 -14.631424 -41.740615
182 1.810001 -14.216685 -41.205826
183 1.820001 -13.807331 -40.663981
184 1.830001 -13.403428 -40.115510
185 1.840001 -13.005041 -39.560822
186 1.850001 -12.612231 -39.000307
187 1.860001 -12.225053 -38.434340
188 1.870001 -11.843561 -37.863277
189 1.880001 -11.467803 -37.287461
190 1.890001 -11.097826 -36.707217
191 1.900001 -10.733673 -36.122858
192 1.910001 -10.375382 -35.534681
193 1.920001 -10.022991 -34.942972
194 1.930001 -9.676533 -34.348002
195 1.940001 -9.336041 -33.750031
196 1.950001 -9.001542 -33.149308
197 1.960001 -8.673063 -32.546071
198 1.970001 -8.350628 -31.940546
199 1.980001 -8.034259 -31.332950
200 1.990001 -7.723975 -30.723490
201 2.000001 -7.419795 -30.112364
202 2.010001 -7.121733 -29.499760
203 2.020001 -6.829804 -28.885860
204 2.030001 -6.544020 -28.270835
205 2.040001 -6.264390 -27.654851
206 2.050001 -5.990925 -27.038063
207 2.060001 -5.723631 -26.420622
208 2.070001 -5.462515 -25.802671
209 2.080001 -5.207579 -25.184347
210 2.090001 -4.958828 -24.565779
211 2.100001 -4.716264 -23.947092
212 2.110001 -4.479887 -23.328405
213 2.120001 -4.249696 -22.709831
214 2.130001 -4.025689 -22.091477
215 2.140001 -3.807865 -21.473445
216 2.150001 -3.596219 -20.855835
217 2.160001 -3.390747 -20.238738
218 2.170001 -3.191442 -19.622244
219 2.180001 -2.998299 -19.006437
220 2.190001 -2.811311 -18.391398
221 2.200001 -2.630469 -17.777202
222 2.210001 -2.455764 -17.163923
223 2.220001 -2.287187 -16.551629
224 2.230001 -2.124728 -15.940387
225 2.240001 -1.968375 -15.330258
226 2.250001 -1.818119 -14.721302
227 2.260001 -1.673945 -14.113575
228 2.270001 -1.535843 -13.507130
229 2.280001 -1.403798 -12.902017
230 2.290001 -1.277798 -12.298285
231 2.300001 -1.157828 -11.695978
232 2.310001 -1.043873 -11.095138
233 2.320001 -0.935920 -10.495808
234 2.330001 -0.833952 -9.898023
235 2.340001 -0.737954 -9.301821
236 2.350001 -0.647910 -8.707236
237 2.360001 -0.563804 -8.114298
238 2.370001 -0.485619 -7.523038
239 2.380001 -0.413338 -6.933484
240 2.390001 -0.346943 -6.345663
241 2.400001 -0.286418 -5.759598
242 2.410001 -0.231745 -5.175314
243 2.420001 -0.182906 -4.592831
244 2.430001 -0.139883 -4.012170
245 2.440001 -0.102657 -3.433349
246 2.450001 -0.071210 -2.856385
247 2.460001 -0.045523 -2.281295
248 2.470001 -0.025577 -1.708093
249 2.480001 -0.011355 -1.136792
250 2.490001 -0.002835 -0.567405
251 2.500001 -0.000000 0.000057


HEAD_TAIL1
N 251 R 0.000001 2.500000

1 0.000001 0.000000 0.000000
2 0.010001 24314444593509360950312960.000000 29174450449997693193314893824.000000
3 0.020001 5939706187260593438720.000000 3563649729511701017001984.000000
4 0.030001 45788530870157172736.000000 18314823436994474934272.000000
5 0.040001 1450558666892366336.000000 435157233942263889920.000000
6 0.050001 99687613506522240.000000 23924576943493128192.000000
7 0.060001 11181076480268660.000000 2236180661552196864.000000
8 0.070001 1758468328765675.250000 301447762339484864.000000
9 0.080001 354193423567327.250000 53128412037654632.000000
10 0.090001 86182177328870.031250 11490842842197844.000000
11 0.100001 24340716933219.253906 2920860265381952.500000
12 0.110001 7755787147405.915039 846079176032407.250000
13 0.120001 2730027985802.303711 273000845282135.562500
14 0.130001 1044780755982.549927 96440672348206.093750
15 0.140001 429350356315.213013 36801239613907.601562
16 0.150001 187609846790.212738 15008705371673.910156
17 0.160001 86479489458.275269 6485928815433.436523
18 0.170001 41779935806.916389 2949158066656.057617
19 0.180001 21041973376.675865 1402792084894.507568
20 0.190001 10998028491.027706 694609488449.103760
21 0.200001 5942914406.485588 356573501714.531738
22 0.210001 3309246569.474327 189099126336.618195
23 0.220001 1893606005.582513 103287252533.709732
24 0.230001 1110781888.495340 57953653983.138557
25 0.240001 666544064.852195 33327103654.271679
26 0.250001 408398869.007065 19603090401.945210
27 0.260001 255085199.546641 11773131649.701263
28 0.270001 162181386.521885 7208043422.096502
29 0.280001 104826356.742710 4492547396.630832
30 0.290001 68800490.608416 2846910391.863813
31 0.300001 45805017.377026 1832196747.991534
32 0.310001 30904971.192427 1196319017.279644
33 0.320001 21113948.331634 791771522.242500
34 0.330001 14594943.195035 530724225.266553
35 0.340001 10200539.623050 360018411.870605
36 0.350001 7203674.102684 246982698.416746
37 0.360001 5137371.745635 171245451.877951
38 0.370001 3697862.033079 119930478.598212
39 0.380001 2685150.314650 84794098.086534
40 0.390001 1966060.272648 60494079.223776
41 0.400001 1450950.338220 43528453.406591
42 0.410001 1078863.445610 31576452.045573
43 0.420001 807944.582940 23084103.916597
44 0.430001 609188.751146 17000597.519529
45 0.440001 462318.736116 12608679.693499
46 0.450001 353039.827816 9414386.248001
47 0.460001 271194.033396 7074620.560938
48 0.470001 209507.726789 5349128.997942
49 0.480001 162734.527724 4068360.118165
50 0.490001 127063.788365 3111764.150419
51 0.500001 99709.123402 2393017.566447
52 0.510001 78619.995339 1849881.350056
53 0.520001 62278.072947 1437185.766533
54 0.530001 49552.435149 1121941.655652
55 0.540001 39595.921142 879909.273799
56 0.550001 31770.453103 693173.572124
57 0.560001 25592.897276 548419.373876
58 0.570001 20695.579107 435696.617629
59 0.580001 16797.319349 347531.009045
60 0.590001 13682.069308 278279.673244
61 0.600001 11183.066703 223661.654201
62 0.610001 9171.024640 180413.934188
63 0.620001 7545.282917 146038.077216
64 0.630001 6227.146570 118612.663209
65 0.640001 5154.847513 96653.739485
66 0.650001 4279.716526 79010.498528
67 0.660001 3563.262075 64786.927406
68 0.670001 2974.931669 53282.698185
69 0.680001 2490.389214 43948.379712
70 0.690001 2090.184137 36351.357433
71 0.700001 1758.719202 30149.794790
72 0.710001 1483.446977 25072.659542
73 0.720001 1254.242012 20904.343158
74 0.730001 1062.908576 17472.772646
75 0.740001 902.793347 14640.188292
76 0.750001 768.479666 12295.964129
77 0.760001 655.545382 10350.999411
78 0.770001 560.370473 8733.322638
79 0.780001 479.983716 7384.634740
80 0.790001 411.940139 6257.582145
81 0.800001 354.222771 5313.598968
82 0.810001 305.163654 4521.194389
83 0.820001 263.380169 3854.589394
84 0.830001 227.723559 3292.628489
85 0.840001 197.237212 2817.908509
86 0.850001 171.122761 2416.079311
87 0.860001 148.712472 2075.280946
88 0.870001 129.446686 1785.689509
89 0.880001 112.855370 1539.149736
90 0.890001 98.542962 1328.877060
91 0.900001 86.175926 1149.215403
92 0.910001 75.472480 995.439815
93 0.920001 66.194121 863.595281
94 0.930001 58.138606 750.364776
95 0.940001 51.134136 652.961018
96 0.950001 45.034508 569.037479
97 0.960001 39.715096 496.615060
98 0.970001 35.069484 434.021561
99 0.980001 31.006654 379.841608
100 0.990001 27.448636 332.875143
101 1.000001 24.328528 292.102951
102 1.010001 21.588841 256.657980
103 1.020001 19.180092 225.801428
104 1.030001 17.059635 198.902773
105 1.040001 15.190654 175.423068
106 1.050001 13.541326 154.900934
107 1.060001 12.084105 136.940811
108 1.070001 10.795110 121.203064
109 1.080001 9.653616 107.395660
110 1.090001 8.641607 95.267141
111 1.100001 7.743405 84.600685
112 1.110001 6.945349 75.209083
113 1.120001 6.235518 66.930476
114 1.130001 5.603500 59.624739
115 1.140001 5.040188 53.170407
116 1.150001 4.537608 47.462058
117 1.160001 4.088768 42.408076
118 1.170001 3.687533 37.928752
119 1.180001 3.328511 33.954647
120 1.190001 3.006960 30.425200
121 1.200001 2.718703 27.287534
122 1.210001 2.460059 24.495422
123 1.220001 2.227778 22.008414
124 1.230001 2.018992 19.791067
125 1.240001 1.831163 17.812298
126 1.250001 1.662043 16.044817
127 1.260001 1.509643 14.464636
128 1.270001 1.372197 13.050651
129 1.280001 1.248138 11.784277
130 1.290001 1.136074 10.649127
131 1.300001 1.034767 9.630742
132 1.310001 0.943113 8.716348
133 1.320001 0.860131 7.894651
134 1.330001 0.784945 7.155659
135 1.340001 0.716772 6.490516
136 1.350001 0.654915 5.891373
137 1.360001 0.598748 5.351265
138 1.370001 0.547714 4.864003
139 1.380001 0.501311 4.424088
140 1.390001 0.459090 4.026626
141 1.400001 0.420651 3.667258
142 1.410001 0.385631 3.342100
143 1.420001 0.353707 3.047688
144 1.430001 0.324586 2.780929
145 1.440001 0.298005 2.539059
146 1.450001 0.273730 2.319608
147 1.460001 0.251546 2.120366
148 1.470001 0.231262 1.939352
149 1.480001 0.212704 1.774792
150 1.490001 0.195716 1.625095
151 1.500001 0.180157 1.488833
152 1.510001 0.165899 1.364723
153 1.520001 0.152826 1.251612
154 1.530001 0.140834 1.148464
155 1.540001 0.129827 1.054344
156 1.550001 0.119720 0.968413
157 1.560001 0.110434 0.889912
158 1.570001 0.101899 0.818158
159 1.580001 0.094051 0.752535
160 1.590001 0.086830 0.692485
161 1.600001 0.080184 0.637505
162 1.610001 0.074064 0.587141
163 1.620001 0.068427 0.540979
164 1.630001 0.063232 0.498648
165 1.640001 0.058443 0.459810
166 1.650001 0.054025 0.424158
167 1.660001 0.049950 0.391414
168 1.670001 0.046188 0.361327
169 1.680001 0.042715 0.333668
170 1.690001 0.039507 0.308229
171 1.700001 0.036544 0.284820
172 1.710001 0.033805 0.263270
173 1.720001 0.031273 0.243423
174 1.730001 0.028931 0.225134
175 1.740001 0.026765 0.208276
176 1.750001 0.024761 0.192728
177 1.760001 0.022907 0.178384
178 1.770001 0.021190 0.165145
179 1.780001 0.019600 0.152920
180 1.790001 0.018128 0.141627
181 1.800001 0.016765 0.131192
182 1.810001 0.015502 0.121545
183 1.820001 0.014332 0.112624
184 1.830001 0.013247 0.104371
185 1.840001 0.012242 0.096734
186 1.850001 0.011311 0.089663
187 1.860001 0.010447 0.083115
188 1.870001 0.009647 0.077050
189 1.880001 0.008905 0.071429
190 1.890001 0.008217 0.066219
191 1.900001 0.007579 0.061388
192 1.910001 0.006988 0.056908
193 1.920001 0.006440 0.052752
194 1.930001 0.005932 0.048894
195 1.940001 0.005461 0.045315
196 1.950001 0.005025 0.041991
197 1.960001 0.004620 0.038905
198 1.970001 0.004246 0.036038
199 1.980001 0.003899 0.033375
200 1.990001 0.003578 0.030901
201 2.000001 0.003280 0.028602
202 2.010001 0.003005 0.026465
203 2.020001 0.002751 0.024479
204 2.030001 0.002515 0.022633
205 2.040001 0.002297 0.020916
206 2.050001 0.002096 0.019320
207 2.060001 0.001911 0.017837
208 2.070001 0.001739 0.016457
209 2.080001 0.001581 0.015174
210 2.090001 0.001436 0.013982
211 2.100001 0.001301 0.012873
212 2.110001 0.001178 0.011842
213 2.120001 0.001064 0.010884
214 2.130001 0.000960 0.009994
215 2.140001 0.000864 0.009167
216 2.150001 0.000776 0.008399
217 2.160001 0.000696 0.007685
218 2.170001 0.000622 0.007023
219 2.180001 0.000555 0.006409
220 2.190001 0.000494 0.005839
221 2.200001 0.000438 0.005311
222 2.210001 0.000388 0.004821
223 2.220001 0.000342 0.004368
224 2.230001 0.000300 0.003949
225 2.240001 0.000263 0.003561
226 2.250001 0.000229 0.003203
227 2.260001 0.000199 0.002873
228 2.270001 0.000171 0.002569
229 2.280001 0.000147 0.002289
230 2.290001 0.000126 0.002032
231 2.300001 0.000106 0.001796
232 2.310001 0.000090 0.001581
233 2.320001 0.000075 0.001383
234 2.330001 0.000062 0.001204
235 2.340001 0.000051 0.001040
236 2.350001 0.000041 0.000893
237 2.360001 0.000033 0.000759
238 2.370001 0.000026 0.000639
239 2.380001 0.000020 0.000532
240 2.390001 0.000015 0.000437
241 2.400001 0.000011 0.000353
242 2.410001 0.000008 0.000280
243 2.420001 0.000006 0.000216
244 2.430001 0.000004 0.000162
245 2.440001 0.000002 0.000116
246 2.450001 0.000001 0.000079
247 2.460001 0.000001 0.000050
248 2.470001 0.000000 0.000027
249 2.480001 0.000000 0.000012
250 2.490001 0.000000 0.000003
251 2.500001 0.000000 -0.000000


HEAD_TAIL2
N 251 R 0.000001 2.500000

1 0.000001 0.000000 0.000000
2 0.010001 340888961399609509087290557393833191014400.000000 613539225724291059311350174571095715586506752.000000
3 0.020001 1301558977269720195149494103243227136.000000 1171345369688381875093856201541056200704.000000
4 0.030001 880950430036902924896844145229824.000000 528553026477468412632114229076295680.000000
5 0.040001 4967288164670063008608270942208.000000 2235225429589497797490194780258304.000000
6 0.050001 89490762134766978607718858752.000000 32216053628593261246801931927552.000000
7 0.060001 3361567490401107419989016576.000000 1008454177705352644389010145280.000000
8 0.070001 209661280552220749952188416.000000 53912170001377960132457005056.000000
9 0.080001 18952964436687400193753088.000000 4264366815030002546255069184.000000
10 0.090001 2274796759292549336662016.000000 454954629816753566378885120.000000
11 0.100001 341441618652815675097088.000000 61458921753859570966462464.000000
12 0.110001 61412281265963376050176.000000 10049198388247406846148608.000000
13 0.120001 12825285938417051369472.000000 1923778267406452136083456.000000
14 0.130001 3036366245398402039808.000000 420417015421904770564096.000000
15 0.140001 799897149836400656384.000000 102843259947067419656192.000000
16 0.150001 231046743139040559104.000000 27725444634280303001600.000000
17 0.160001 72307955723328438272.000000 8134600131816174125056.000000
18 0.170001 24281083385578098688.000000 2570924999548298330112.000000
19 0.180001 8678528779781359616.000000 867848691825603379200.000000
20 0.190001 3279356778842962432.000000 310674497635858120704.000000
21 0.200001 1302613638118295552.000000 117234727067899822080.000000
22 0.210001 541265191641900800.000000 46393972318341840896.000000
23 0.220001 234288429559537440.000000 19168980226751004672.000000
24 0.230001 105259085544560064.000000 8237637778140848128.000000
25 0.240001 48928252658547048.000000 3669606345359832064.000000
26 0.250001 23466223567271204.000000 1689562575280718592.000000
27 0.260001 11583619924290034.000000 801940420435206784.000000
28 0.270001 5872430984158520.000000 391494235522191232.000000
29 0.280001 3051561634725289.500000 196171262352452768.000000
30 0.290001 1622571004609400.500000 100711030171085600.000000
31 0.300001 881426263008892.750000 52885438205591296.000000
32 0.310001 488493650551923.812500 28364076715654732.000000
33 0.320001 275848476948418.656250 15516439696834506.000000
34 0.330001 158533125780007.687500 8647241531824781.000000
35 0.340001 92629886181083.703125 4903924316915529.000000
36 0.350001 54972754149922.273438 2827164205173562.000000
37 0.360001 33107615338362.578125 1655377380311707.000000
38 0.370001 20218199063281.093750 983586124139293.000000
39 0.380001 12510345916216.669922 592594207168137.250000
40 0.390001 7838115492279.006836 361758513772306.000000
41 0.400001 4969300296135.950195 223618117959610.718750
42 0.410001 3186149440142.399902 139879492734731.531250
43 0.420001 2064851337947.671143 88493482843886.750000
44 0.430001 1351899006915.928467 56591031034958.914062
45 0.440001 893775994296.127930 36563507067143.640625
46 0.450001 596419740553.567139 23856754069345.488281
47 0.460001 401547258166.125854 15712696140886.117188
48 0.470001 272656938401.839478 10442166045587.269531
49 0.480001 186653470977.434082 6999495702801.706055
50 0.490001 128780241450.920044 4730696555460.393555
51 0.500001 89519761517.423157 3222707328194.431152
52 0.510001 62678144513.552483 2212167088086.190430
53 0.520001 44189532855.142456 1529635853869.990479
54 0.530001 31362756537.998535 1065148992066.013916
55 0.540001 22402293143.604786 746742268604.336426
56 0.550001 16100968671.110035 526940220585.194580
57 0.560001 11641157994.167570 374179684175.163513
58 0.570001 8465127668.725556 267319547885.933777
59 0.580001 6189809265.902471 192097338427.823273
60 0.590001 4550353846.253749 138824221028.737183
61 0.600001 3362475225.179226 100874162544.433792
62 0.610001 2497150878.400652 73686352575.671402
63 0.620001 1863509491.397409 54101840872.234283
64 0.630001 1397179902.030333 39919391698.676430
65 0.640001 1052308023.860554 29596138659.582508
66 0.650001 796053363.428665 22044536968.124840
67 0.660001 604772372.445434 16493779123.794266
68 0.670001 461356358.635134 12394639077.992285
69 0.680001 353364324.689493 9353754689.461409
70 0.690001 271706271.342188 7087984663.805863
71 0.700001 209709804.988656 5392534145.477728
72 0.710001 162455094.682056 4118577136.932359
73 0.720001 126298684.765156 3157465101.394330
74 0.730001 98530895.095822 2429527425.468359
75 0.740001 77128182.437167 1876089815.859017
76 0.750001 60573329.885419 1453759095.427886
77 0.760001 47724310.394238 1130312005.842564
78 0.770001 37718238.125265 881724597.284108
79 0.780001 29900725.529938 690016412.129281
80 0.790001 23773714.922815 541679338.866746
81 0.800001 18956800.607884 426527839.107278
82 0.810001 15158442.371521 336854150.895750
83 0.820001 12154460.239503 266805138.887158
84 0.830001 9771909.918943 211920880.940849
85 0.840001 7876949.469235 168791739.072873
86 0.850001 6365677.458455 134802562.682348
87 0.860001 5157191.357514 107941208.116160
88 0.870001 4188310.675534 86654706.673169
89 0.880001 3409552.599314 69740858.715810
90 0.890001 2782053.133432 56266258.512840
91 0.900001 2275204.319513 45504105.664426
92 0.910001 1864835.512318 36886878.427887
93 0.920001 1531809.304302 29970206.246737
94 0.930001 1260934.434688 24405208.264085
95 0.940001 1040121.744795 19917251.536475
96 0.950001 859727.031185 16289592.053530
97 0.960001 712038.029528 13350740.642969
98 0.970001 590872.858537 10964678.695738
99 0.980001 491264.894343 9023260.425262
100 0.990001 409214.845596 7440297.426414
101 1.000001 341495.214766 6146941.111819
102 1.010001 285495.701713 5088069.122739
103 1.020001 239100.685954 4219450.398290
104 1.030001 200591.904781 3505515.701835
105 1.040001 168570.968912 2917600.112526
106 1.050001 141897.533814 2432554.328755
107 1.060001 119639.855042 2031644.871540
108 1.070001 101035.161898 1699681.126658
109 1.080001 85457.832621 1424320.909893
110 1.090001 72393.782151 1195516.850901
111 1.100001 61419.807736 1005074.102752
112 1.110001 52186.899421 846296.254242
113 1.120001 44406.727851 713701.275281
114 1.130001 37840.683446 602793.186091
115 1.140001 32290.968397 509878.156684
116 1.150001 27593.343565 431916.104088
117 1.160001 23611.212083 366400.707446
118 1.170001 20230.784666 311262.217830
119 1.180001 17357.121903 264788.587663
120 1.190001 14910.888853 225561.351094
121 1.200001 12825.689216 192403.404034
122 1.210001 11045.871920 164336.401277
123 1.220001 9524.723450 140545.939994
124 1.230001 8222.975652 120353.058542
125 1.240001 7107.572026 103190.866381
126 1.250001 6150.646117 88585.350101
127 1.260001 5328.674248 76139.584013
128 1.270001 4621.771782 65520.720921
129 1.280001 4013.107717 56449.256910
130 1.290001 3488.417028 48690.159093
131 1.300001 3035.593817 42045.522026
132 1.310001 2644.351430 36348.480377
133 1.320001 2305.938099 31458.155619
134 1.330001 2012.898724 27255.455060
135 1.340001 1758.875034 23639.574522
136 1.350001 1538.437718 20525.082770
137 1.360001 1346.945232 17839.487565
138 1.370001 1180.424885 15521.201065
139 1.380001 1035.472559 13517.836774
140 1.390001 909.168044 11784.782145
141 1.400001 799.003462 10284.000683
142 1.410001 702.822684 8983.025358
143 1.420001 618.769992 7854.111729
144 1.430001 545.246521 6873.524540
145 1.440001 480.873261 6020.936038
146 1.450001 424.459595 5278.917886
147 1.460001 374.976508 4632.511633
148 1.470001 331.533764 4068.865135
149 1.480001 293.360416 3576.924481
150 1.490001 259.788176 3147.172628
151 1.500001 230.237179 2771.407427
152 1.510001 204.203807 2442.552894
153 1.520001 181.250249 2154.498572
154 1.530001 160.995551 1901.962648
155 1.540001 143.107930 1680.375202
156 1.550001 127.298161 1485.778507
157 1.560001 113.313899 1314.741821
158 1.570001 100.934777 1164.288466
159 1.580001 89.968190 1031.833385
160 1.590001 80.245652 915.129597
161 1.600001 71.619652 812.222249
162 1.610001 63.960930 721.409149
163 1.620001 57.156131 641.206821
164 1.630001 51.105765 570.321302
165 1.640001 45.722439 507.622977
166 1.650001 40.929326 452.124881
167 1.660001 36.658836 402.963977
168 1.670001 32.851457 359.384978
169 1.680001 29.454750 320.726365
170 1.690001 26.422474 286.408286
171 1.700001 23.713822 255.922072
172 1.710001 21.292758 228.821156
173 1.720001 19.127432 204.713188
174 1.730001 17.189676 183.253193
175 1.740001 15.454560 164.137622
176 1.750001 13.900006 147.099183
177 1.760001 12.506443 131.902332
178 1.770001 11.256517 118.339360
179 1.780001 10.134825 106.226965
180 1.790001 9.127686 95.403275
181 1.800001 8.222944 85.725241
182 1.810001 7.409787 77.066361
183 1.820001 6.678596 69.314687
184 1.830001 6.020803 62.371087
185 1.840001 5.428775 56.147720
186 1.850001 4.895709 50.566694
187 1.860001 4.415533 45.558898
188 1.870001 3.982827 41.062969
189 1.880001 3.592750 37.024391
190 1.890001 3.240977 33.394702
191 1.900001 2.923638 30.130790
192 1.910001 2.637271 27.194282
193 1.920001 2.378776 24.551001
194 1.930001 2.145376 22.170488
195 1.940001 1.934582 20.025585
196 1.950001 1.744161 18.092057
197 1.960001 1.572109 16.348269
198 1.970001 1.416628 14.774894
199 1.980001 1.276101 13.354659
200 1.990001 1.149077 12.072115
201 2.000001 1.034247 10.913436
202 2.010001 0.930437 9.866248
203 2.020001 0.836588 8.919462
204 2.030001 0.751746 8.063140
205 2.040001 0.675054 7.288370
206 2.050001 0.605734 6.587156
207 2.060001 0.543090 5.952318
208 2.070001 0.486489 5.377408
209 2.080001 0.435361 4.856630
210 2.090001 0.389193 4.384775
211 2.100001 0.347519 3.957153
212 2.110001 0.309917 3.569547
213 2.120001 0.276008 3.218155
214 2.130001 0.245445 2.899556
215 2.140001 0.217918 2.610662
216 2.150001 0.193142 2.348692
217 2.160001 0.170863 2.111133
218 2.170001 0.150846 1.895719
219 2.180001 0.132882 1.700403
220 2.190001 0.116778 1.523335
221 2.200001 0.102360 1.362842
222 2.210001 0.089471 1.217413
223 2.220001 0.077967 1.085678
224 2.230001 0.067716 0.966399
225 2.240001 0.058601 0.858454
226 2.250001 0.050513 0.760827
227 2.260001 0.043353 0.672596
228 2.270001 0.037033 0.592925
229 2.280001 0.031469 0.521056
230 2.290001 0.026588 0.456302
231 2.300001 0.022322 0.398037
232 2.310001 0.018608 0.345695
233 2.320001 0.015390 0.298759
234 2.330001 0.012617 0.256760
235 2.340001 0.010240 0.219273
236 2.350001 0.008218 0.185909
237 2.360001 0.006510 0.156314
238 2.370001 0.005080 0.130168
239 2.380001 0.003896 0.107177
240 2.390001 0.002927 0.087074
241 2.400001 0.002146 0.069616
242 2.410001 0.001527 0.054581
243 2.420001 0.001047 0.041765
244 2.430001 0.000685 0.030985
245 2.440001 0.000422 0.022072
246 2.450001 0.000239 0.014870
247 2.460001 0.000119 0.009240
248 2.470001 0.000049 0.005052
249 2.480001 0.000014 0.002189
250 2.490001 0.000002 0.000542
251 2.500001 0.000000 0.000014
